,Degree,Clustering Coefficient,Betweenness,Closeness,Shortest Path,Eigenvector,E In,E Out,E In Over E Out,ODF,Expansion,Cut Ratio,Conductance,Normalised Cut,Triangle Participation
graph_07_mu_0_2_node_0,23,0.20476190476190476,0.0016523046495467207,0.3799923925446938,2.6316316316316315,0.016653167436719192,13.027,9.973,1.3074750000000004,0.43360869565217397,0.5753781188117357,0.010156373640713617,0.2768617038090722,0.2772412526632985,0.6914563881404813
graph_07_mu_0_2_node_1,23,0.2761904761904762,0.001262984452736844,0.3755639097744361,2.6626626626626626,0.013950221680392595,15.007,7.993,1.8783678571428573,0.34752173913043466,0.31188058601788593,0.008210126830558485,0.21031358414798718,0.2106178477532974,0.5460544332167555
graph_07_mu_0_2_node_2,42,0.2694541231126597,0.0038343555140349715,0.4034733441033926,2.4784784784784786,0.040630040213559274,29.065,12.935,2.2493755244755245,0.30797619047619035,0.27895068338161066,0.013578074628554064,0.18204038410395737,0.18253320553649005,0.6254980586793896
graph_07_mu_0_2_node_3,39,0.4642375168690958,0.0019890137797243437,0.39595719381688466,2.5255255255255253,0.10579362212942797,31.05,7.95,3.910053571428571,0.2038461538461539,0.1748346246771015,0.008346751514953482,0.11350144198524484,0.11380443915706907,0.6809947606282142
graph_07_mu_0_2_node_4,35,0.35984848484848486,0.001999763436213117,0.3843786071565987,2.6016016016016015,0.024837339950671205,27.017,7.983,3.385625,0.2280857142857143,0.23655937478979258,0.008267073865816571,0.1287275985663082,0.12903175971862202,0.7702588609275133
graph_07_mu_0_2_node_5,32,0.4068965517241379,0.0013534123794915088,0.38071646341463417,2.6266266266266265,0.026830528127459653,25.02,6.98,3.5869714285714283,0.218125,0.1893561726773151,0.00725146528410601,0.12242049893875537,0.12268641434459568,0.6507132237846837
graph_07_mu_0_2_node_6,30,0.3544973544973545,0.0022486257367300318,0.3781226343679031,2.6446446446446448,0.012851371433301461,22.012,7.988,2.7566071428571433,0.26626666666666665,0.3620258143595543,0.008184592514984693,0.15358571198193835,0.15388994756125418,0.9508852649402401
graph_07_mu_0_2_node_7,28,0.4,0.0014998170806099162,0.38057142857142856,2.6276276276276276,0.0671520301348472,20.069,7.931,2.535433333333333,0.2832499999999999,0.17450975195773816,0.008326361371744152,0.16502851540616245,0.16533053574292705,0.41819730282276846
graph_07_mu_0_2_node_8,23,0.14761904761904762,0.0017636878046251873,0.3791271347248577,2.6376376376376376,0.01429838624755634,12.18,10.82,1.1312342768342765,0.4704347826086958,0.6728005059790805,0.011055096049455915,0.307841284125155,0.30825302701376384,0.6801161390768041
graph_07_mu_0_2_node_9,52,0.42122448979591837,0.0035232006416191274,0.4085889570552147,2.4474474474474475,0.13109790793356949,41.096,10.904,3.776856565656565,0.2096923076923077,0.23995703442971902,0.011447522898356528,0.11714751532227959,0.11756336905415893,0.8796007357112379
graph_07_mu_0_2_node_10,32,0.25057471264367814,0.0026555419356918512,0.38841368584758945,2.5745745745745747,0.018394037223464568,20.018,11.982,1.6713212121212124,0.3744375,0.43558931907689874,0.012331163901851771,0.23035639412997908,0.23081260876787912,0.6903511289375774
graph_07_mu_0_2_node_11,49,0.3450508788159112,0.004002479534431896,0.4104354971240756,2.4364364364364364,0.07236093251070921,35.052,13.948,2.514640442890443,0.2846530612244897,0.32603673983441706,0.014594239905368877,0.16595739893391195,0.16648903767874543,0.7944845136487555
graph_07_mu_0_2_node_12,56,0.3214535290006988,0.004098947927181837,0.4213412062420919,2.3733733733733735,0.0765433477122091,44.049,11.951,3.6877090909090904,0.21341071428571431,0.23084607643774616,0.012621328412240906,0.11945728596389056,0.11991315493707684,0.8302403068397597
graph_07_mu_0_2_node_13,39,0.2658569500674764,0.0030507935721362806,0.40758873929008566,2.4534534534534536,0.041494668880895785,27.047,11.953,2.263886363636364,0.3064871794871794,0.2577408239016884,0.012547296523329464,0.18098914518317502,0.18144449981526897,0.5816093801948623
graph_07_mu_0_2_node_14,26,0.3476923076923077,0.001647478295767902,0.3791271347248577,2.6376376376376376,0.016618501941711376,19.007,6.993,2.718619047619048,0.2689615384615385,0.22017058254158092,0.007225957232957528,0.15537971014492746,0.15564599874012713,0.5980410823205482
graph_07_mu_0_2_node_15,24,0.45652173913043476,0.0009842395228175224,0.3729003359462486,2.6816816816816815,0.018137247534066994,19.006,4.994,3.807199999999999,0.20808333333333337,0.14794712616757769,0.005171783904092733,0.11612684989429176,0.11631703241237053,0.5627480990446385
graph_07_mu_0_2_node_16,21,0.3761904761904762,0.0011003752548414476,0.3639344262295082,2.7477477477477477,0.007317766076425995,15.007,5.993,2.50525,0.2853809523809523,0.26963182206461467,0.0061315549207867385,0.16644760550023704,0.1666757539610784,0.6745677687210271
graph_07_mu_0_2_node_17,33,0.30113636363636365,0.0022764896952847525,0.392688679245283,2.5465465465465464,0.04407177116191732,22.027,10.973,2.0089083333333333,0.33251515151515143,0.21188769019451661,0.011588758945267634,0.19942958257713253,0.19984745943225757,0.42466704832271396
graph_07_mu_0_2_node_18,42,0.3507549361207898,0.002964507069664103,0.40875613747954176,2.4464464464464464,0.06370052940051463,29.032,12.968,2.239727272727272,0.3087619047619047,0.30304197851659487,0.01356899413826245,0.1825759212811114,0.18306999840601684,0.6772163011174978
graph_07_mu_0_2_node_19,20,0.3894736842105263,0.0009732005063836964,0.36300872093023256,2.754754754754755,0.0075785968561728825,14.007,5.993,2.338,0.2996499999999999,0.3413045444688085,0.00610664291301364,0.17623529411764702,0.17646342521766276,0.7968027887762293
graph_07_mu_0_2_node_20,22,0.29004329004329005,0.001274420679930805,0.3740172220142269,2.6736736736736737,0.013716435522354489,14.014,7.986,1.7558928571428571,0.363,0.3117814513250448,0.008202590161756217,0.22176497550181767,0.22206894971417876,0.5461535679095967
graph_07_mu_0_2_node_21,22,0.3526315789473684,0.0010948569770981495,0.36849870896348214,2.7137137137137137,0.011623943015443904,16.019,5.981,2.6805999999999996,0.27186363636363625,0.27131841255887723,0.0061279843544279075,0.15733063427800273,0.15755834351624867,0.6794103000375253
graph_07_mu_0_2_node_22,23,0.3794466403162055,0.0014494057089556108,0.3710995542347697,2.694694694694695,0.012419577220135819,16.052,6.948,2.3144095238095233,0.30208695652173917,0.3159140502100139,0.0071177243281078,0.17795528455284546,0.17821980031063345,0.7247767305882687
graph_07_mu_0_2_node_23,17,0.2857142857142857,0.0006802300936543582,0.3579362235757793,2.793793793793794,0.008890590365457286,12.061,4.939,2.4580833333333327,0.2905294117647058,0.30804110234078086,0.005045351852626686,0.17011985254271134,0.17030784101938048,0.6791178217281882
graph_07_mu_0_2_node_24,16,0.21978021978021978,0.0008017707293765655,0.3609104046242775,2.770770770770771,0.008181378678819125,10.018,5.982,1.6780444444444447,0.373875,0.3953802765516352,0.006095211687119273,0.23001394097046277,0.23024158411782078,0.5939047091266516
graph_07_mu_0_2_node_25,27,0.24666666666666667,0.002003625607691668,0.3852680293096799,2.5955955955955954,0.013809336645718403,16.038,10.962,1.4641454545454544,0.406,0.5568339926375411,0.011197143766931818,0.2547357293868922,0.255152997182481,0.7610036836256597
graph_07_mu_0_2_node_26,36,0.33689839572192515,0.0023010924175089517,0.38977760436987907,2.5655655655655654,0.026555964935748435,27.018,8.982,3.0100714285714285,0.2495,0.2662695150132104,0.009301009794263834,0.1425395354645354,0.14288174656910896,0.7701610217546044
graph_07_mu_0_2_node_27,15,0.21904761904761905,0.0009407881543764628,0.3578080229226361,2.794794794794795,0.006430030176840377,9.061,5.939,1.5315535714285713,0.3959333333333334,0.39567545378593144,0.006048737850429497,0.24698052599574338,0.2472065166054942,0.5942779218998163
graph_07_mu_0_2_node_28,28,0.2123076923076923,0.002262487832004784,0.3821729150726855,2.6166166166166165,0.014593728957786885,16.017,11.983,1.3370808080808079,0.4279642857142858,0.4677098556187884,0.012308289918606332,0.2722500752202878,0.2727061889790981,0.5852103952600893
graph_07_mu_0_2_node_29,43,0.37652270210409744,0.002862555673561733,0.4023358840112767,2.4854854854854853,0.06623164712175511,32.06,10.94,2.9328929292929287,0.2544186046511628,0.25584672695257016,0.011446639905111288,0.1457629710640237,0.1461799102649912,0.7479027836340448
graph_07_mu_0_2_node_30,47,0.30404040404040406,0.004134164224051254,0.4143508917461634,2.4134134134134135,0.06162555474345441,34.088,12.912,2.6439351981351984,0.27472340425531916,0.24957609003078104,0.01363555025026392,0.15926064718287267,0.15975278090760395,0.637877975983133
graph_07_mu_0_2_node_31,48,0.314975845410628,0.0038318434819277023,0.4186923721709975,2.3883883883883885,0.06993661242495526,33.166,14.834,2.2388835164835164,0.3090416666666666,0.3473717607786233,0.015519577410417543,0.18279492573468473,0.18336023421319173,0.7498052999236502
graph_07_mu_0_2_node_32,47,0.26565656565656565,0.003568259130300585,0.4117889530090684,2.4284284284284285,0.0600017168892412,35.036,11.964,2.9303156565656563,0.2545531914893616,0.23106962275347917,0.012635142774769483,0.145847849113198,0.14630390014531428,0.656384443260435
graph_07_mu_0_2_node_33,15,0.16666666666666666,0.000710582280185993,0.3571683947086164,2.7997997997998,0.006415154940785561,9.033,5.967,1.5177916666666664,0.39780000000000004,0.39598022128497423,0.006078847104840272,0.24839605394605396,0.24862310937057988,0.5288478865602144
graph_07_mu_0_2_node_34,47,0.401010101010101,0.0030110242118234695,0.4054383116883117,2.4664664664664664,0.11691326438766239,35.05,11.95,2.9347545454545454,0.2542553191489361,0.2626716092314705,0.012546543151067364,0.14565221163399242,0.14610772973983865,0.7471255952093925
graph_07_mu_0_2_node_35,28,0.4523076923076923,0.0009428720497603781,0.37641296156744536,2.6566566566566565,0.023622232944292706,22.005,5.995,3.6713333333333322,0.21410714285714288,0.19485162773149067,0.006188859490294741,0.11989019607843142,0.12011854234403033,0.6822644679165328
graph_07_mu_0_2_node_36,19,0.2867647058823529,0.0009137908014542421,0.3704115684093437,2.6996996996997,0.01199939224440346,12.177,6.823,1.7970261904761906,0.3591052631578947,0.40440569419181793,0.00699378248697861,0.21905850727387724,0.21931818826623575,0.6426740628856946
graph_07_mu_0_2_node_37,24,0.47619047619047616,0.000996120468538975,0.36580007323324787,2.7337337337337337,0.008983460437210612,19.005,4.995,3.805999999999999,0.20812500000000003,0.2533332514870597,0.005102665027509101,0.11615221987315011,0.11634244045600521,0.9124462313611562
graph_07_mu_0_2_node_38,22,0.36796536796536794,0.0011507033442143746,0.36849870896348214,2.7137137137137137,0.009778487846197325,15.033,6.967,2.160352380952381,0.31668181818181823,0.3540841332471782,0.007116421679578499,0.1881580771054455,0.18842329551446324,0.7606175187949351
graph_07_mu_0_2_node_39,45,0.3997785160575858,0.0027256365702165667,0.4062627084180561,2.4614614614614614,0.06852275225164683,35.052,9.948,3.526,0.22106666666666672,0.2326077907527533,0.010408822540138125,0.12427777777777779,0.12465701129136943,0.7945366916068216
graph_07_mu_0_2_node_40,27,0.31054131054131057,0.0015759962725838278,0.38057142857142856,2.6276276276276276,0.018541128961785714,19.007,7.993,2.378857142857143,0.296037037037037,0.24588595856302453,0.008265253555403678,0.17374132747456053,0.17404568376551605,0.584233665103116
graph_07_mu_0_2_node_41,23,0.34782608695652173,0.0010572839637289074,0.3776937618147448,2.6476476476476476,0.016512390547791557,16.023,6.977,2.2983095238095235,0.3033478260869566,0.2725799838593874,0.007166012911688692,0.17880897435897433,0.17907459341570028,0.6242451864710441
graph_07_mu_0_2_node_42,17,0.08088235294117647,0.0012889716971517108,0.3757051523128996,2.6616616616616615,0.012239738560777098,6.047,10.953,0.5530910533910532,0.6442941176470588,0.5780526859927976,0.011188045707292286,0.475437391304348,0.47585399967501973,0.31559932310911304
graph_07_mu_0_2_node_43,19,0.3897058823529412,0.0008035554777561021,0.36486486486486486,2.740740740740741,0.008761853848624905,13.041,5.959,2.1929500000000006,0.3136315789473685,0.38915272890427804,0.006075661810001419,0.18602673796791444,0.18625355827787649,0.780436440724717
graph_07_mu_0_2_node_44,29,0.33497536945812806,0.0017045891580854918,0.39627132090440303,2.5235235235235236,0.047988226393067254,18.034,10.966,1.6457373737373737,0.3781379310344828,0.25631351660821006,0.011474123869147602,0.2331757852077002,0.23359326863705734,0.42059729626078773
graph_07_mu_0_2_node_45,33,0.3032258064516129,0.0021103263314980617,0.38917023763147646,2.5695695695695697,0.024885678547103524,23.02,9.98,2.3077916666666667,0.3024242424242425,0.2958337825259145,0.010334615155948666,0.17816145968369193,0.1785415640189828,0.6517598510903736
graph_07_mu_0_2_node_46,19,0.30994152046783624,0.001035063253885662,0.35819290068124776,2.7917917917917916,0.006596814111218365,12.016,6.984,1.7242380952380953,0.36757894736842095,0.39795662704635776,0.007116374276775855,0.22522058823529403,0.2254863925444447,0.6833400799735866
graph_07_mu_0_2_node_47,23,0.4308300395256917,0.0005611161931022391,0.38144329896907214,2.6216216216216215,0.04305177410082269,17.016,5.984,2.8459833333333338,0.2601739130434782,0.13985076288357717,0.006261284492144783,0.1495525551684088,0.14978039589756872,0.39693455016082635
graph_07_mu_0_2_node_48,29,0.45566502463054187,0.0013966068528398965,0.38766006984866125,2.5795795795795797,0.029573389469589238,22.01,6.99,3.1497619047619057,0.2410344827586206,0.19537592575694704,0.007257717677755096,0.1370361990950226,0.13730243435903414,0.614586776746107
graph_07_mu_0_2_node_49,15,0.14285714285714285,0.0009508574892251629,0.36064981949458486,2.7727727727727727,0.007249381168042714,6.943,8.057,0.8721130952380952,0.5371333333333334,0.5545880065239137,0.00820885556839066,0.36843555677731876,0.36874206599630793,0.45774402512085577
graph_07_mu_0_2_node_50,17,0.2,0.0008245173746969623,0.35987031700288186,2.7787787787787788,0.007045998819147397,10.909,6.091,1.8186478354978348,0.35829411764705876,0.4226900477587309,0.006204183635108415,0.21912498774422315,0.21935679164816507,0.6584613000883247
graph_07_mu_0_2_node_51,20,0.32679738562091504,0.0010582661391010954,0.3671444321940463,2.7237237237237237,0.011958262863452845,13.168,6.832,1.939,0.3415999999999999,0.4045459373187641,0.007003448710877814,0.20615007215007208,0.2064101152763925,0.7007049173741657
graph_07_mu_0_2_node_52,46,0.35200845665961944,0.003193897599887725,0.41469489414694893,2.4114114114114114,0.07063978470789009,34.068,11.932,2.8575414141414144,0.25939130434782603,0.2790951314584272,0.012484267539631567,0.14903697935372923,0.14949177749147236,0.771393543682047
graph_07_mu_0_2_node_53,21,0.47619047619047616,0.0006964487185115085,0.3609104046242775,2.770770770770771,0.01151670777654425,17.004,3.996,4.257,0.19028571428571434,0.15010069867727552,0.004107764254011877,0.10514979757085018,0.10530195663607597,0.6384163414714444
graph_07_mu_0_2_node_54,28,0.24338624338624337,0.0023336382868716942,0.38841368584758945,2.5745745745745747,0.016722897410140995,17.043,10.957,1.5569656565656567,0.39132142857142865,0.5016781248322623,0.011216560553091288,0.24329267139479904,0.24370978079488845,0.7771911734865884
graph_07_mu_0_2_node_55,51,0.3270588235294118,0.004181813205811786,0.4164235097957482,2.4014014014014013,0.0694439765234245,38.08,12.92,2.950201631701631,0.2533333333333333,0.2496796662628739,0.013644376555702092,0.14505285107546798,0.14554543967537587,0.7342137975698747
graph_07_mu_0_2_node_56,18,0.2679738562091503,0.0010405664713338172,0.36380189366351057,2.7487487487487487,0.010264994095030655,12.003,5.997,2.0018000000000002,0.3331666666666666,0.23391076634517702,0.006160217473203136,0.199883870967742,0.2001121194914884,0.468036067574075
graph_07_mu_0_2_node_57,16,0.21978021978021978,0.0008625329241352794,0.3580645161290323,2.7927927927927927,0.006798489686565557,10.031,5.969,1.6856000000000004,0.3730625,0.3701318028194501,0.0060997591859454905,0.22943073030029557,0.2296578789936143,0.5551242894341757
graph_07_mu_0_2_node_58,18,0.13725490196078433,0.0013526007081898692,0.3672794117647059,2.7227227227227226,0.008405803176435724,8.108,9.892,0.8231357142857145,0.5495555555555555,0.6124641781048811,0.01010955940094912,0.37922610722610733,0.3796024331223871,0.49423070494032256
graph_07_mu_0_2_node_59,43,0.26356589147286824,0.00359445948656395,0.41366459627329194,2.4174174174174174,0.06098010746063895,29.113,13.887,2.100200482850483,0.32295348837209303,0.26856590391797586,0.01466421381104946,0.19261746370739888,0.19314653855126976,0.5607592044551438
graph_07_mu_0_2_node_60,24,0.2510822510822511,0.0016495906905630272,0.3821729150726855,2.6166166166166165,0.01400165775494184,15.019,8.981,1.6731904761904763,0.3742083333333333,0.4108151351641966,0.009194114514327252,0.23018761726078804,0.23052947774965635,0.6397455130321685
graph_07_mu_0_2_node_61,16,0.27472527472527475,0.0007711353310650562,0.3453162806774974,2.895895895895896,0.004014828605012694,11.011,4.989,2.208799999999999,0.3118125,0.34504349869067974,0.005068788312692521,0.18471957671957667,0.18490945321907667,0.6908698850366405
graph_07_mu_0_2_node_62,30,0.38850574712643676,0.0014732072158698123,0.3911511354737666,2.5565565565565564,0.03159365648074441,22.025,7.975,2.76375,0.2658333333333333,0.21638114109490317,0.008285040184339081,0.15330349943557484,0.153607240277323,0.5965552529060714
graph_07_mu_0_2_node_63,37,0.31681681681681684,0.0031505519306006574,0.3978494623655914,2.5135135135135136,0.027258282390981953,26.01,10.99,2.367224242424243,0.29702702702702705,0.32555135409624086,0.011381271117377757,0.17442133699633694,0.17483998812369902,0.7700621181059254
graph_07_mu_0_2_node_64,16,0.27472527472527475,0.000688285080599476,0.355136864557412,2.815815815815816,0.00558978710938391,11.009,4.991,2.2083999999999997,0.3119375,0.26303419266013395,0.005098698193931331,0.18482539682539678,0.18501534935600814,0.5259664115955173
graph_07_mu_0_2_node_65,29,0.39901477832512317,0.0015093068124174896,0.38660990712074306,2.5865865865865865,0.030043894106238107,20.018,8.982,2.2298174603174603,0.30972413793103454,0.2510869992360724,0.00932609926887682,0.18325013205282112,0.18359216075573312,0.5589041594789034
graph_07_mu_0_2_node_66,17,0.19117647058823528,0.0011138497049405498,0.3644655235315578,2.7437437437437437,0.007186145714020082,9.018,7.982,1.1314761904761903,0.469529411764706,0.43026152169663034,0.008141714033096836,0.3068818403818403,0.3071855467574294,0.4840277104637069
graph_07_mu_0_2_node_67,33,0.23655913978494625,0.002883376586965744,0.38766006984866125,2.5795795795795797,0.014361559122401349,22.03,10.97,2.009,0.3324242424242424,0.4412638416824437,0.011261321958714767,0.1993571428571429,0.19977490569189965,0.844080147099301
graph_07_mu_0_2_node_68,24,0.3246753246753247,0.001123673988153838,0.37151357381926364,2.6916916916916915,0.014262340239786085,17.004,6.996,2.430857142857143,0.2915,0.2541734020087681,0.007200319912335927,0.17062020905923345,0.17088657124242798,0.5812017690987461
graph_07_mu_0_2_node_69,42,0.3487179487179487,0.0026121516727789906,0.3943939992104224,2.5355355355355353,0.03284176150822985,32.013,9.987,3.2060666666666675,0.2377857142857143,0.270790535307309,0.010375769368445342,0.13493837837837838,0.1353190100339571,0.8402689890456569
graph_07_mu_0_2_node_70,26,0.3261538461538461,0.0014230941120750098,0.3851195065535852,2.5965965965965965,0.027663454812774116,18.101,7.899,2.297357142857143,0.3038076923076922,0.17066485303468018,0.008290685612925912,0.17916908212560384,0.179469839058333,0.3891624198202631
graph_07_mu_0_2_node_71,19,0.52046783625731,0.0005940087960652361,0.3605196679898953,2.7737737737737738,0.013714321248043643,16.003,2.997,5.342833333333332,0.15773684210526318,0.0887802993779421,0.0031037019256463533,0.08562380952380952,0.0857379244644276,0.47379681680814384
graph_07_mu_0_2_node_72,18,0.25,0.0009162645646838202,0.364067055393586,2.7467467467467466,0.008527295892233213,12.061,5.939,2.0403,0.3299444444444444,0.36957083262632007,0.006067973083523744,0.19771015301902403,0.19793619508057897,0.6792855241969596
graph_07_mu_0_2_node_73,23,0.308300395256917,0.0013568555297615084,0.376271186440678,2.6576576576576576,0.01676925828457007,14.027,8.973,1.564271825396826,0.3901304347826087,0.36215416266163614,0.009210378246509995,0.242361563993143,0.2427030942500114,0.5642059463859137
graph_07_mu_0_2_node_74,20,0.3333333333333333,0.0007760251291622995,0.36300872093023256,2.754754754754755,0.008004793510445442,15.006,4.994,3.006,0.24969999999999998,0.23161880928590162,0.005108788146797785,0.14266666666666664,0.14285679126183914,0.6489957930969983
graph_07_mu_0_2_node_75,32,0.37298387096774194,0.002047482080760744,0.3881118881118881,2.5765765765765765,0.022476674208224363,22.033,9.967,2.2138793650793644,0.31146875,0.4022591538725302,0.010230823202428298,0.18449080276448696,0.184870383422305,0.8870930190134452
graph_07_mu_0_2_node_76,24,0.4673913043478261,0.0009479347498364186,0.3830521472392638,2.6106106106106104,0.039930784902277486,18.056,5.944,3.0448000000000004,0.24766666666666667,0.1391540772515349,0.006218942197270842,0.14136877076411958,0.14159510661017213,0.4210831385740314
graph_07_mu_0_2_node_77,50,0.42730496453900707,0.0027782667090320034,0.4111111111111111,2.4324324324324325,0.13020277759521148,39.069,10.931,3.5773232323232333,0.2186200000000001,0.2404477812020293,0.011476155081565548,0.12273545430848805,0.12315227329031637,0.8352057626588903
graph_07_mu_0_2_node_78,34,0.3407258064516129,0.0017265969933509776,0.3920722135007849,2.5505505505505504,0.03433870685625128,25.021,8.979,2.787964285714286,0.2640882352941177,0.2289585854159477,0.009357291851550112,0.15214024265999815,0.15248228748665815,0.6117841525137022
graph_07_mu_0_2_node_79,23,0.5047619047619047,0.0008294250845087915,0.37641296156744536,2.6566566566566565,0.039862664519986456,18.012,4.988,3.6138000000000012,0.21686956521739137,0.11654377759719309,0.005219258498362381,0.12163066202090599,0.12182060168367749,0.3970284635825944
graph_07_mu_0_2_node_80,21,0.1286549707602339,0.0015786295604753747,0.378839590443686,2.6396396396396398,0.011270711682988467,10.036,10.964,0.916424242424242,0.5220952380952381,0.5782507776859747,0.011199703494081607,0.3533506231671554,0.3537677763890739,0.4737500279882271
graph_07_mu_0_2_node_81,38,0.3669985775248933,0.003069073089648663,0.4036363636363636,2.4774774774774775,0.036080372982328836,26.078,11.922,2.189370707070707,0.3137368421052632,0.333739611596715,0.01237768817308439,0.18607718966357026,0.18653133019181672,0.7266723171872173
graph_07_mu_0_2_node_82,27,0.45014245014245013,0.001440709897667326,0.38467462456680784,2.5995995995995997,0.043685800315254875,20.023,6.977,2.8719285714285707,0.25840740740740725,0.16306478483290726,0.0073003387678495565,0.14838563829787238,0.14865133827760596,0.46702707138946165
graph_07_mu_0_2_node_83,21,0.2571428571428571,0.0013497877604134885,0.3729003359462486,2.6816816816816815,0.012360924940706706,12.016,8.984,1.338083333333333,0.42780952380952386,0.45590088843132526,0.009177182925096521,0.2721304812834223,0.2724723777855737,0.6084230229117602
graph_07_mu_0_2_node_84,25,0.2833333333333333,0.0018173208338762561,0.3821729150726855,2.6166166166166165,0.01394699115338913,15.029,9.971,1.5085714285714285,0.39884000000000003,0.5063107806944988,0.01018507104735776,0.2491259149717743,0.24950544558267335,0.7606659382148944
graph_07_mu_0_2_node_85,22,0.22943722943722944,0.0017218730774898276,0.3786959818043973,2.640640640640641,0.01284236259860017,12.008,9.992,1.2021388888888886,0.454181818181818,0.449507593958425,0.01022283366382549,0.29382801120448176,0.29420825351882485,0.539593795983169
graph_07_mu_0_2_node_86,16,0.32967032967032966,0.0005015608043913892,0.3496674833741687,2.85985985985986,0.005889895940803896,12.006,3.994,3.0271111111111106,0.249625,0.25280565067544625,0.00407985952635462,0.14283539548906862,0.1429874199897011,0.6931627992530928
graph_07_mu_0_2_node_87,48,0.33043478260869563,0.003871259901072735,0.411619283065513,2.4294294294294296,0.0680651948314943,35.088,12.912,2.719552447552448,0.269,0.30212762163760476,0.01350935088513721,0.15541577402045156,0.15590794555020965,0.7950494390646685
graph_07_mu_0_2_node_88,31,0.24301075268817204,0.002408307368087794,0.38735944164404806,2.5815815815815815,0.015888053462211272,21.008,9.992,2.1027555555555564,0.3223225806451613,0.3073043950927547,0.010332726189499762,0.19212772133526856,0.19250822431418618,0.6457732849243812
graph_07_mu_0_2_node_89,32,0.4576612903225806,0.0014636364304113675,0.38129770992366413,2.6226226226226226,0.027241550436206272,26.016,5.984,4.3504,0.187,0.1623248110202764,0.006216760355249278,0.10314903565166568,0.10337703264721915,0.704585321527504
graph_07_mu_0_2_node_90,15,0.3047619047619048,0.0007829030586264742,0.3511423550087873,2.8478478478478477,0.004467518873628796,10.008,4.992,2.006,0.33279999999999993,0.2877319142625541,0.005084171678188107,0.19963076923076925,0.19982074539447908,0.5758720873478408
graph_07_mu_0_2_node_91,21,0.1695906432748538,0.0011853764889041055,0.36931608133086874,2.7077077077077076,0.009898268035534176,11.04,9.96,1.1103070512820512,0.47428571428571425,0.525489146730341,0.010173985370271425,0.3109559630278444,0.3113349598606803,0.5265116589438605
graph_07_mu_0_2_node_92,19,0.18128654970760233,0.0012984670846212993,0.3716517857142857,2.690690690690691,0.009967472355106378,9.006,9.994,0.9013194444444447,0.526,0.4495154467000079,0.010225124823693761,0.35686518883415425,0.35724542037943113,0.40470619771044447
graph_07_mu_0_2_node_93,21,0.2714285714285714,0.001260029807762884,0.3734579439252336,2.6776776776776776,0.012703866611533075,13.006,7.994,1.627375,0.38066666666666676,0.3596007351817493,0.008178813136743589,0.23508431372549024,0.23538856905653724,0.5845377625498419
graph_07_mu_0_2_node_94,22,0.3368421052631579,0.0012541280569448108,0.37054896142433236,2.6986986986986987,0.00928683851226146,15.08,6.92,2.1858095238095236,0.31454545454545463,0.3831462387470177,0.007078968126075043,0.18669365721997297,0.1869570876391827,0.7709056265452673
graph_07_mu_0_2_node_95,26,0.3076923076923077,0.0017594235364948657,0.3791271347248577,2.6376376376376376,0.015724394829698254,18.016,7.984,2.2575833333333333,0.30707692307692297,0.3543340039151213,0.008175911954772101,0.18139912165129557,0.18170311238257483,0.7979795060953829
graph_07_mu_0_2_node_96,18,0.20915032679738563,0.000898332396670748,0.36836283185840707,2.714714714714715,0.012529893014843904,10.026,7.974,1.259492857142857,0.4430000000000001,0.3541640304487095,0.008165279353693522,0.2845908469728268,0.28489427233419473,0.44358102069630284
graph_07_mu_0_2_node_97,28,0.3446153846153846,0.0014437068192912944,0.38158899923605805,2.6206206206206204,0.016809165202696867,20.005,7.995,2.5025,0.2855357142857142,0.25167201687800017,0.008261454527955276,0.166547619047619,0.16685207464544596,0.598009327401903
graph_07_mu_0_2_node_98,29,0.43596059113300495,0.0015686373147118118,0.3852680293096799,2.5955955955955954,0.022881500216149014,21.018,7.982,2.6346666666666665,0.27524137931034487,0.28719007395705765,0.00821940105963153,0.15959233785822025,0.15989632193699674,0.7544784155369573
graph_07_mu_0_2_node_99,26,0.18153846153846154,0.002866399082502708,0.3885647607934656,2.5735735735735736,0.014468649083435862,12.033,13.967,0.8620238095238095,0.5371923076923076,0.674491283081853,0.01427776745249118,0.36727543859649114,0.3678068687531925,0.5792778563423828
graph_07_mu_0_2_node_100,20,0.37254901960784315,0.0007759015833743835,0.36,2.7777777777777777,0.009380112600435718,14.182,5.818,2.458,0.2909,0.34601286067808074,0.005962813531477537,0.17037161531279174,0.1705930885388862,0.7592379940148491
graph_07_mu_0_2_node_101,30,0.40476190476190477,0.0013807687704673382,0.3906922174423152,2.5595595595595597,0.07535478407663097,21.043,8.957,2.351369047619048,0.2985666666666666,0.19691605067531012,0.009404036268934176,0.17549859130880213,0.17583969489526652,0.439695230385234
graph_07_mu_0_2_node_102,39,0.24774774774774774,0.003256137157607387,0.39315230224321135,2.5435435435435436,0.01984137423573026,28.01,10.99,2.5490000000000004,0.2817948717948717,0.33801846031150434,0.011364701902965747,0.16400790166812992,0.16442661662340802,0.8303165655889896
graph_07_mu_0_2_node_103,42,0.35512820512820514,0.0030808422411399182,0.4064279902359642,2.4604604604604603,0.06381706680759477,30.071,11.929,2.5226545454545457,0.28402380952380946,0.2789990201430794,0.012481424034070135,0.16553239540910772,0.16598694079317142,0.6781128838737972
graph_07_mu_0_2_node_104,22,0.5367965367965368,0.0006761415487884406,0.3713754646840149,2.6926926926926926,0.017154829313002898,18.001,3.999,4.501833333333334,0.18177272727272725,0.12993292119955602,0.004128428011534663,0.09997317073170735,0.10012545558862912,0.5847440637653488
graph_07_mu_0_2_node_105,26,0.2608695652173913,0.0017122268342397013,0.37220566318926973,2.6866866866866865,0.010811991617638817,18.031,7.969,2.2643928571428575,0.3064999999999999,0.3206362871321809,0.008180661329739361,0.1810040404040404,0.18130746047674876,0.6835387041035573
graph_07_mu_0_2_node_106,33,0.43870967741935485,0.0016152965852455389,0.37970353477765106,2.6336336336336337,0.021462235633001876,26.01,6.99,3.7221428571428574,0.21181818181818177,0.2272213309200847,0.007216043949488194,0.11845762711864402,0.1187239435303753,0.8123236713294247
graph_07_mu_0_2_node_107,23,0.31620553359683795,0.0014674990550895461,0.37276119402985075,2.6826826826826826,0.009966116723799327,16.015,6.985,2.2939285714285704,0.30369565217391314,0.37483826692854166,0.0071278499724991935,0.17904487179487177,0.17931079520752757,0.8576003337120651
graph_07_mu_0_2_node_108,32,0.41839080459770117,0.0017538002278216557,0.383199079401611,2.6096096096096097,0.02339477643936699,23.001,8.999,2.556000000000001,0.28121875,0.3233235021290792,0.009267911805619122,0.1636155844155844,0.16395833821159334,0.7904303493778575
graph_07_mu_0_2_node_109,20,0.3157894736842105,0.0011641557018459636,0.3712374581939799,2.6936936936936937,0.011773707482911558,12.067,7.933,1.5241666666666667,0.3966500000000001,0.4383723072258197,0.008115890541185172,0.24746657754010692,0.24776849004949372,0.6602217493302195
graph_07_mu_0_2_node_110,41,0.30609756097560975,0.0035752312999238426,0.4074225122349103,2.4544544544544546,0.03905425799953888,27.124,13.876,1.9590490509490506,0.3384390243902439,0.35452239352598075,0.014458872280081999,0.20374809038945238,0.20427666608538117,0.6900367657199475
graph_07_mu_0_2_node_111,16,0.25,0.0009958781095496495,0.36195652173913045,2.7627627627627627,0.006526553581208021,10.003,5.997,1.6696000000000004,0.3748125,0.31590638827881456,0.00612652426792868,0.23067717467717472,0.23090538836175756,0.5256391098350515
graph_07_mu_0_2_node_112,53,0.31058823529411766,0.005149585462000591,0.4201009251471825,2.3803803803803802,0.07435806987704006,37.072,15.928,2.3285965659340655,0.3005283018867924,0.37235022842024235,0.016666082876035635,0.17684758873664902,0.17745474441811857,0.8415477961865284
graph_07_mu_0_2_node_113,31,0.35913978494623655,0.002262971128443645,0.39423835832675613,2.5365365365365364,0.029576398221545827,20.031,10.969,1.8277558080808074,0.35383870967741926,0.3947531235749113,0.011295167530522595,0.21497295818827458,0.21539061924937794,0.718826953752988
graph_07_mu_0_2_node_114,23,0.1976284584980237,0.0023462059637354917,0.38616157711635096,2.5895895895895897,0.012216628495100088,11.083,11.917,0.9321916666666665,0.5181304347826086,0.6964616757094938,0.012226565944501722,0.3497890333942965,0.3502424653275341,0.6410646435699915
graph_07_mu_0_2_node_115,34,0.38911290322580644,0.0016671934279539483,0.390539483971853,2.5605605605605604,0.031678928794419546,26.033,7.967,3.2700357142857146,0.23432352941176476,0.20326809430897647,0.008302331422025485,0.13272021857923497,0.1330237474730566,0.6374746436206731
graph_07_mu_0_2_node_116,15,0.21904761904761905,0.0009810793843366868,0.3618254255704455,2.7637637637637638,0.009698043756294163,8.016,6.984,1.1485714285714281,0.46560000000000007,0.48311850699193387,0.0070956116899556195,0.30347826086956525,0.3037439843774944,0.5526530373258106
graph_07_mu_0_2_node_117,18,0.25,0.0008541003135464709,0.3594818279956819,2.7817817817817816,0.008851757273499175,11.04,6.96,1.5911428571428579,0.3866666666666668,0.47048244907781267,0.007079616447041482,0.2397641824249165,0.24002905375650063,0.6741147569160039
graph_07_mu_0_2_node_118,17,0.29411764705882354,0.0007123798284402415,0.3649981731823164,2.73973973973974,0.009532150848235478,11.029,5.971,1.8508999999999995,0.351235294117647,0.2735887999051488,0.006112029227088606,0.2130825944170772,0.21330983660172684,0.502583820295402
graph_07_mu_0_2_node_119,34,0.32620320855614976,0.0026890269546382857,0.38796116504854367,2.5775775775775776,0.019300510841563884,24.016,9.984,2.406044444444444,0.29364705882352937,0.31437248610456675,0.010316606135054605,0.17209585037989486,0.17247613591568042,0.7553395855821341
graph_07_mu_0_2_node_120,25,0.3566666666666667,0.0013416260643192835,0.3754227733934611,2.6636636636636637,0.017608822713107358,17.055,7.945,2.15,0.3178,0.2587306851866711,0.008201213094603914,0.18895726366656604,0.18925974761133552,0.5523461417940657
graph_07_mu_0_2_node_121,15,0.3333333333333333,0.0007210818581675092,0.3592233009708738,2.7837837837837838,0.007122904184570978,10.017,4.983,2.01425,0.33219999999999994,0.2677289564053582,0.005084249239030882,0.19922564102564103,0.1994152748148665,0.5360651837736989
graph_07_mu_0_2_node_122,46,0.4080338266384778,0.003044234415182377,0.40758873929008566,2.4534534534534536,0.11764392858212232,35.122,10.878,3.233393939393939,0.2364782608695653,0.23954979709508012,0.011419646658798027,0.13411461927202936,0.13452929308607364,0.7482952942057642
graph_07_mu_0_2_node_123,27,0.3933333333333333,0.0013896784442600021,0.3804265041888804,2.6286286286286287,0.026214905910763368,20.031,6.969,2.878035714285714,0.258111111111111,0.15032264369913526,0.007315237718601336,0.1481970212765958,0.14846241678164324,0.4096188491601522
graph_07_mu_0_2_node_124,19,0.2631578947368421,0.0013355887845176069,0.367414490621552,2.7217217217217216,0.009487352238791292,12.007,6.993,1.717814285714286,0.3680526315789473,0.4029790490695327,0.007122072789040246,0.22554294965786892,0.2258090963501423,0.6911052978437456
graph_07_mu_0_2_node_125,30,0.291005291005291,0.0018863255086987345,0.38571428571428573,2.5925925925925926,0.01817393204181811,20.02,9.98,2.0068333333333332,0.3326666666666666,0.3629124800835923,0.010270602864091705,0.19953122171945706,0.1999112392393644,0.6903866487041435
graph_07_mu_0_2_node_126,48,0.3072463768115942,0.004169982370011897,0.41659716430358634,2.4004004004004003,0.06861810752184505,33.136,14.864,2.2321670329670327,0.30966666666666665,0.3479339433550876,0.015551597134519453,0.18322992317702863,0.18379637303980842,0.749243117347186
graph_07_mu_0_2_node_127,42,0.27409988385598144,0.004120976508459685,0.40379951495553756,2.4764764764764764,0.036232777468892634,28.019,13.981,2.0045,0.3328809523809523,0.3790713849146355,0.014525281221192333,0.19968028169014088,0.20021289226335792,0.7588540360687009
graph_07_mu_0_2_node_128,46,0.35095137420718814,0.0031279152338422682,0.4018503620273532,2.4884884884884886,0.03667995535703868,36.016,9.984,3.6083055555555563,0.21704347826086962,0.2707503006083202,0.010372507453222334,0.12173526160390696,0.122115895086294,0.9487052749010325
graph_07_mu_0_2_node_129,27,0.41,0.0011683698916682486,0.3823191733639495,2.6156156156156154,0.02318962647463591,19.025,7.975,2.3870535714285714,0.29537037037037034,0.2870916920527487,0.008211928839105053,0.17328862164662345,0.17359229311083593,0.6470244414691981
graph_07_mu_0_2_node_130,24,0.15217391304347827,0.0024663845680397874,0.38482280431432975,2.5985985985985987,0.01323306654505736,11.021,12.979,0.8493846153846155,0.5407916666666668,0.6963363172835748,0.013244337172188312,0.37062857142857153,0.37112238981943707,0.5895752959713614
graph_07_mu_0_2_node_131,24,0.3463203463203463,0.0011123849905611677,0.3675496688741722,2.720720720720721,0.009264183906207727,19.007,4.993,3.808399999999999,0.20804166666666668,0.20072129256285376,0.0051258071987944,0.1161014799154334,0.11629162436873586,0.7231196993740254
graph_07_mu_0_2_node_132,30,0.35172413793103446,0.0018639956061016027,0.3830521472392638,2.6106106106106104,0.019024581049482604,22.026,7.974,2.7641071428571427,0.2658,0.29980173456451564,0.008196631285384434,0.15328092243186578,0.15358462522624558,0.8262949705180712
graph_07_mu_0_2_node_133,26,0.4276923076923077,0.0011374860188213558,0.3735976065818998,2.6766766766766765,0.02026094586385745,20.026,5.974,3.3558666666666674,0.22976923076923084,0.1621021637485164,0.006206322146125365,0.12980943570767806,0.13003694788889197,0.5422206238102242
graph_07_mu_0_2_node_134,22,0.3631578947368421,0.0009304669967003412,0.36768494663231505,2.71971971971972,0.0130471010027519,16.008,5.992,2.672533333333333,0.27236363636363625,0.21778162304840532,0.006166848600659504,0.1576572199730095,0.15788534776441912,0.5449522288323686
graph_07_mu_0_2_node_135,20,0.3368421052631579,0.0012252160070604485,0.36380189366351057,2.7487487487487487,0.010296357940366806,13.998,6.002,2.3348717948717947,0.3001,0.36450046015842813,0.006110915338680082,0.17660753190164952,0.17683600515903486,0.8478728957531753
graph_07_mu_0_2_node_136,29,0.22507122507122507,0.0024154965011894233,0.3824655436447167,2.6146146146146148,0.012285921998281971,18.011,10.989,1.639380808080808,0.3789310344827587,0.4416323876338508,0.01128146214045982,0.2337618504848749,0.2341802085809001,0.6830436025501759
graph_07_mu_0_2_node_137,19,0.3391812865497076,0.0010858915475774951,0.36863468634686347,2.7127127127127126,0.009302550004509596,14.014,4.986,2.8175606060606055,0.26242105263157894,0.26333819177953843,0.005092932600211594,0.1510956172367937,0.1512854227633343,0.7360625736109534
graph_07_mu_0_2_node_138,53,0.29390420899854863,0.0049873867697218755,0.4109419991772933,2.4334334334334335,0.04797901681221807,41.121,11.879,3.4657318181818177,0.2241320754716981,0.256472605093437,0.012468692714404732,0.12622477603583426,0.1266777983423959,0.8846968340242384
graph_07_mu_0_2_node_139,26,0.3079710144927536,0.0016526980092044462,0.38290532771176694,2.6116116116116115,0.01591817850706971,17.035,8.965,1.9017341269841272,0.3448076923076922,0.4555234343699188,0.009157113592712858,0.20834282358468403,0.20868412756025828,0.81162817742162
graph_07_mu_0_2_node_140,31,0.2857142857142857,0.002265573554439577,0.3792710706150342,2.6366366366366365,0.016008118695485886,20.066,10.934,1.8372828282828277,0.3527096774193548,0.4967172982001695,0.011201808728557038,0.21415034576965772,0.21456667572335117,0.8614665769375489
graph_07_mu_0_2_node_141,23,0.4624505928853755,0.000887887938905771,0.37192851824274015,2.6886886886886887,0.02092044334298284,18.003,4.997,3.6042166666666677,0.21726086956521742,0.16238997991970197,0.005158646446378314,0.12187232261026935,0.12206260482125092,0.5847829904471328
graph_07_mu_0_2_node_142,38,0.2920634920634921,0.0025348598397257082,0.3943939992104224,2.5355355355355353,0.03610430198369508,28.058,9.942,2.8248055555555553,0.26163157894736844,0.21444280979044625,0.01043618290661321,0.1505198339851545,0.15089863681178656,0.5823970069708473
graph_07_mu_0_2_node_143,21,0.4444444444444444,0.0007371739771403627,0.3602596465921385,2.775775775775776,0.01036735056744449,16.015,4.985,3.2157500000000003,0.2373809523809524,0.28419871834795013,0.005079239886811468,0.13468705547652912,0.13487685204435737,0.8540083416730442
graph_07_mu_0_2_node_144,25,0.31620553359683795,0.0013785778935902126,0.37,2.7027027027027026,0.011907557428826163,18.012,6.988,2.578809523809524,0.27952000000000016,0.25406255744649064,0.0071915592067412935,0.1624747474747475,0.162740825531218,0.6176332732743939
graph_07_mu_0_2_node_145,20,0.1895424836601307,0.0012607260615274023,0.3690432212781677,2.70970970970971,0.012497377268819328,11.042,8.958,1.2342063492063489,0.4479000000000001,0.5638955932636323,0.009123741644646039,0.28863880742913,0.28897968940520796,0.6280508302064992
graph_07_mu_0_2_node_146,18,0.15833333333333333,0.0009924743123521517,0.36553238199780463,2.735735735735736,0.009893704097811868,10.011,7.989,1.2535357142857142,0.44383333333333347,0.5146540567497537,0.00812333966855957,0.28522660098522157,0.2855305967535229,0.5795305722032711
graph_07_mu_0_2_node_147,17,0.3142857142857143,0.0007529802534401243,0.35691318327974275,2.8018018018018016,0.007607715075211289,12.013,4.987,2.4167166666666664,0.2933529411764705,0.30894725708013004,0.005096571659935973,0.1719995402298851,0.17218935483398243,0.6779925746570709
graph_07_mu_0_2_node_148,23,0.34782608695652173,0.0011980377930643756,0.37303958177744584,2.680680680680681,0.01296059444959995,16.012,6.988,2.2925047619047616,0.30382608695652175,0.2727868411134886,0.00717764893159363,0.17913477173233266,0.17940080926976998,0.6240575486849047
graph_07_mu_0_2_node_149,17,0.17647058823529413,0.001293540681523903,0.36660550458715596,2.7277277277277276,0.009860138364307743,9.05,7.95,1.1442813852813851,0.46764705882352947,0.508216461524783,0.008118009999158446,0.30549228227489084,0.30579477170428865,0.5698752517898704
graph_07_mu_0_2_node_150,16,0.38333333333333336,0.0006879572722292162,0.3538788522848034,2.825825825825826,0.006010576566372881,12.006,3.994,3.008,0.249625,0.23021702870843008,0.004067702849149297,0.14262068965517238,0.1427727147029668,0.6910328982202708
graph_07_mu_0_2_node_151,26,0.2523076923076923,0.0021562289345514784,0.3774083868530412,2.6496496496496498,0.010274233256385662,16.043,9.957,1.6130000000000002,0.3829615384615386,0.48135683929556106,0.01017806409020854,0.2368676130071479,0.23724664012455282,0.7721233934076378
graph_07_mu_0_2_node_152,23,0.40476190476190477,0.0010013099884981227,0.36782032400589104,2.7187187187187187,0.010154724353619006,17.022,5.978,2.8505833333333337,0.2599130434782608,0.30370292950861655,0.006106114049262437,0.14938426248548198,0.14961187489554106,0.8113904888679376
graph_07_mu_0_2_node_153,25,0.28063241106719367,0.001747283329031054,0.36931608133086874,2.7077077077077076,0.008806310943480845,16.02,8.98,1.7851190476190482,0.3592,0.5117781776736926,0.009149950664488735,0.21893687707641202,0.21927872554272507,0.8540702943515005
graph_07_mu_0_2_node_154,18,0.20833333333333334,0.001116282280242117,0.36553238199780463,2.735735735735736,0.007408106162242627,10.993,7.007,1.5714220779220782,0.38927777777777794,0.47626541269435696,0.007129149772860087,0.2417905747126436,0.24205723326443193,0.6764799332382604
graph_07_mu_0_2_node_155,41,0.3319838056680162,0.0023392860008466976,0.3978494623655914,2.5135135135135136,0.05567014016994543,32.052,8.948,3.587607142857144,0.21824390243902445,0.1729333708787856,0.009449459087291803,0.12250440577563868,0.12284545254714217,0.5987658169594006
graph_07_mu_0_2_node_156,28,0.43915343915343913,0.0013320075375788383,0.3919183993723029,2.5515515515515514,0.04734019785230535,20.051,7.949,2.525833333333333,0.28389285714285706,0.18596583868881117,0.008316810571328912,0.16545428571428566,0.16575699098208527,0.46765804566285946
graph_07_mu_0_2_node_157,25,0.47,0.0011076778664752215,0.3766968325791855,2.6546546546546548,0.02371897057711978,19.029,5.971,3.1908333333333325,0.23884000000000008,0.1670339430532233,0.006199621912047004,0.13563131313131307,0.13585869380789384,0.530720226242727
graph_07_mu_0_2_node_158,21,0.14285714285714285,0.001671301866194936,0.37970353477765106,2.6336336336336337,0.018021624295554282,8.101,12.899,0.6307829836829835,0.6142380952380949,0.8734129636669176,0.013119125298583502,0.4436105609768428,0.4441012271335383,0.5400812863541898
graph_07_mu_0_2_node_159,45,0.34219269102990035,0.0031969956351787427,0.4000800961153384,2.4994994994994997,0.03830758044497308,34.006,10.994,3.093454545454546,0.2443111111111111,0.29800547741453215,0.011422194747825814,0.13915541490857947,0.13957447367104772,0.894351085305724
graph_07_mu_0_2_node_160,29,0.3275862068965517,0.0016740300880090286,0.38100686498855835,2.6246246246246248,0.021378519522219266,22.015,6.985,3.154526190476191,0.24086206896551715,0.21497115266275652,0.007222776991276019,0.1369301029878166,0.1371961479076856,0.6765898599467716
graph_07_mu_0_2_node_161,25,0.2966666666666667,0.0016234952968623708,0.38100686498855835,2.6246246246246248,0.019476650830587285,16.01,8.99,1.7813492063492067,0.35960000000000003,0.26637450873683566,0.009309766104203322,0.21922318558733767,0.2195654144087255,0.47386394967527673
graph_07_mu_0_2_node_162,42,0.26248548199767713,0.0036631870499328977,0.4114497528830313,2.4304304304304303,0.05802173801085718,28.069,13.931,2.0168694638694635,0.33169047619047615,0.26922029561216154,0.01471143660792048,0.1988434548845585,0.19937416336955585,0.5405996604882233
graph_07_mu_0_2_node_163,48,0.2618357487922705,0.004540279937973991,0.42045454545454547,2.3783783783783785,0.052231180067663585,32.03,15.97,2.0060571428571428,0.3327083333333333,0.40717729472819597,0.016642874871388807,0.199556278229449,0.200164800215032,0.7902441805049415
graph_07_mu_0_2_node_164,21,0.38596491228070173,0.0011503526116706923,0.36566617862371886,2.734734734734735,0.009097214944529806,15.038,5.962,2.52695,0.2839047619047618,0.348332811373558,0.006116821491844453,0.1654701280227596,0.16569709701444332,0.8150891409347891
graph_07_mu_0_2_node_165,43,0.41341463414634144,0.0024943441220870075,0.39705882352941174,2.5185185185185186,0.04112330019527236,33.059,9.941,3.329007936507936,0.23118604651162789,0.2782877652760478,0.010320665170082302,0.13071412564783652,0.1310930347556968,0.8948028783801242
graph_07_mu_0_2_node_166,39,0.2834008097165992,0.003837888968712457,0.40024038461538464,2.4984984984984986,0.0330162005628154,26.037,12.963,2.00975,0.33238461538461533,0.38422804842247943,0.013424031004743266,0.19933324287652654,0.19982701685404278,0.7703891391324338
graph_07_mu_0_2_node_167,29,0.3842364532019704,0.001501847721814039,0.3863109048723898,2.5885885885885886,0.03055965152607802,21.047,7.953,2.649857142857143,0.27424137931034487,0.2030243679768775,0.008287421105210715,0.158933604826546,0.15923648535467932,0.5351136059577573
graph_07_mu_0_2_node_168,47,0.23535353535353534,0.004568650692941132,0.4114497528830313,2.4304304304304303,0.06841561178914168,31.066,15.934,1.9512490259740258,0.33902127659574455,0.30782655281738097,0.016827230598984905,0.20413026634287884,0.20473737248069315,0.579627513196533
graph_07_mu_0_2_node_169,33,0.3118279569892473,0.002302540820897517,0.38901869158878505,2.5705705705705704,0.020330105262310768,23.018,9.982,2.3066916666666666,0.3024848484848486,0.3629329924841174,0.010272781855306034,0.1781999611096707,0.17858014157447247,0.7993281151437286
graph_07_mu_0_2_node_170,25,0.30666666666666664,0.0014964706199751742,0.3778366111951589,2.6466466466466465,0.015640277904869233,17.007,7.993,2.1285714285714286,0.31971999999999995,0.3002803154390505,0.008216396612518368,0.19028616732105108,0.19059047726212786,0.6383853672776795
graph_07_mu_0_2_node_171,28,0.328042328042328,0.0019863510017149068,0.38057142857142856,2.6276276276276276,0.017093093517826168,20.01,7.99,2.505,0.28535714285714275,0.25158134909298324,0.00825613458130966,0.1664285714285714,0.1667328367750249,0.6294964914581962
graph_07_mu_0_2_node_172,40,0.28717948717948716,0.003067267349238115,0.4015273311897106,2.4904904904904903,0.043713866509286214,27.012,12.988,2.0801864801864802,0.32470000000000004,0.2797750191373648,0.013634837089423719,0.19382117545265992,0.19431593814913595,0.5816426621846158
graph_07_mu_0_2_node_173,19,0.34502923976608185,0.0009886308984508481,0.3689069423929099,2.710710710710711,0.009251079490873778,12.026,6.974,1.7260476190476193,0.3670526315789473,0.3977768390298351,0.0071056614614088045,0.22481048387096764,0.22507590795521668,0.6833891888332005
graph_07_mu_0_2_node_174,37,0.33783783783783783,0.0024302356046843015,0.4013660104459622,2.4914914914914914,0.042184464369038145,27.031,9.969,2.712744444444445,0.26943243243243237,0.21488102678477408,0.010464940069713985,0.15569855769230767,0.15607835927306773,0.5816163124974904
graph_07_mu_0_2_node_175,15,0.0641025641025641,0.0008358288915931168,0.37013708781030014,2.7017017017017015,0.012912919300436903,6.038,8.962,0.6753749999999998,0.5974666666666665,0.5927707664795041,0.009132359447770785,0.42618562958780354,0.4265265338254102,0.3302268416092296
graph_07_mu_0_2_node_176,30,0.3701149425287356,0.0015995531397566482,0.3851195065535852,2.5965965965965965,0.024983495699022615,23.005,6.995,3.2892857142857137,0.2331666666666667,0.1896346950898449,0.007267333028630114,0.13197064989517818,0.13223709576531,0.6232772941492251
graph_07_mu_0_2_node_177,22,0.22105263157894736,0.00155045510879657,0.3740172220142269,2.6736736736736737,0.013783618007698253,13.035,8.965,1.4565793650793648,0.4075,0.5640320208311698,0.009131175290747728,0.25594850188534396,0.2562897018301586,0.7533824472147651
graph_07_mu_0_2_node_178,38,0.2503556187766714,0.0032709005689634694,0.4102669404517454,2.4374374374374375,0.05232848590649978,25.05,12.95,1.9353892773892774,0.34078947368421053,0.25015308605247105,0.013676221817148494,0.205408485958486,0.20590172792692651,0.48285117282619855
graph_07_mu_0_2_node_179,46,0.26744186046511625,0.0037543667434542316,0.40217391304347827,2.4864864864864864,0.0431943202705258,33.115,12.885,2.5734065268065276,0.2801086956521739,0.2781621649689004,0.013524594940578154,0.1628897274345458,0.16338079620464593,0.6909673419029432
graph_07_mu_0_2_node_180,42,0.4512820512820513,0.0023213154846331526,0.3953304313415117,2.5295295295295297,0.037979576148128906,34.033,7.967,4.275,0.18969047619047624,0.22282486961967754,0.008272020269981997,0.10478984173721013,0.10509355575796878,0.9223350444256332
graph_07_mu_0_2_node_181,41,0.33414634146341465,0.0033456522752981777,0.4023358840112767,2.4854854854854853,0.03343191464452432,29.015,11.985,2.421387878787879,0.29231707317073163,0.3249530457575995,0.012451595484024462,0.17118154482450257,0.17163818654643362,0.7859695701490919
graph_07_mu_0_2_node_182,37,0.3333333333333333,0.002114189837836816,0.3953304313415117,2.5295295295295297,0.051116132261062604,28.077,8.923,3.153528968253969,0.2411621621621622,0.1725852698494055,0.009422469333000418,0.13714199721973894,0.13748198832422975,0.5409148538542481
graph_07_mu_0_2_node_183,14,0.2087912087912088,0.0007799366733534581,0.36038961038961037,2.774774774774775,0.00669504719367719,8.055,5.945,1.3608666666666667,0.42464285714285716,0.3695759128541815,0.00607472177729791,0.26978864156438515,0.270014843044043,0.49390493241772515
graph_07_mu_0_2_node_184,18,0.325,0.0006871758968030004,0.36327272727272725,2.7527527527527527,0.009733488365381458,13.015,4.985,2.6135000000000006,0.2769444444444444,0.3214775445691664,0.005068594732281804,0.16074596774193547,0.16093572096230946,0.7727070843838586
graph_07_mu_0_2_node_185,21,0.19047619047619047,0.0016330918937304854,0.37387724550898205,2.674674674674675,0.010957816667515972,11.018,9.982,1.1043749999999997,0.4753333333333334,0.4429377181193623,0.01022214600023107,0.31179110962566847,0.3121709428757017,0.48788133039213416
graph_07_mu_0_2_node_186,16,0.48333333333333334,0.00033939796296311204,0.36566617862371886,2.734734734734735,0.018367644676416564,13.002,2.998,4.338666666666668,0.187375,0.0645816067644292,0.003147292908879906,0.10337471264367816,0.10348883957872955,0.27997074642964376
graph_07_mu_0_2_node_187,19,0.2867647058823529,0.0007485773999390708,0.36156351791530944,2.765765765765766,0.01913465701869909,12.009,6.991,1.7201666666666668,0.3679473684210525,0.3242711972223697,0.007151603543630431,0.22547482718894002,0.22574089778062226,0.5099952681930092
graph_07_mu_0_2_node_188,38,0.32857142857142857,0.0026673369379995077,0.39928057553956836,2.5045045045045047,0.03139423541197196,27.019,10.981,2.461492929292929,0.2889736842105265,0.29779295713876675,0.011408323435203337,0.1688968166162196,0.16931515714636328,0.7048705160578125
graph_07_mu_0_2_node_189,25,0.31333333333333335,0.001567111431268501,0.3765548435733132,2.655655655655656,0.011278596467099698,17.006,7.994,2.1276785714285715,0.31976,0.35958400966548154,0.00817882495233072,0.1903100775193799,0.19061442552812213,0.7643628433344086
graph_07_mu_0_2_node_190,26,0.322463768115942,0.0017722531943821318,0.3766968325791855,2.6546546546546548,0.011852290152848059,18.016,7.984,2.2574285714285716,0.30707692307692297,0.3855356440943798,0.008161640553627095,0.18139797979797978,0.1817019705379523,0.8202471432679581
graph_07_mu_0_2_node_191,31,0.2903225806451613,0.00234025728772246,0.3951740506329114,2.5305305305305303,0.02991644559679339,19.024,11.976,1.5893297979797976,0.38632258064516123,0.3247867236363287,0.012442031636245403,0.23942291072597408,0.23987886247191773,0.5152191945648006
graph_07_mu_0_2_node_192,20,0.29411764705882354,0.0008780737141021298,0.36314067611777534,2.7537537537537538,0.007768627183675021,15.016,4.984,3.016,0.24919999999999998,0.23135142988767898,0.005098350438676084,0.14234920634920634,0.1425389504124944,0.6492631724952208
graph_07_mu_0_2_node_193,36,0.31194295900178254,0.0024462092747268727,0.3914576802507837,2.5545545545545547,0.03044394139594259,24.03,11.97,2.009451948051948,0.33249999999999996,0.38930640920447035,0.012356601477343123,0.1994216002928854,0.19987749735914814,0.7476959370059306
graph_07_mu_0_2_node_194,17,0.22058823529411764,0.0008948894912741669,0.36195652173913045,2.7627627627627627,0.01232690566983671,10.053,6.947,1.4632865079365076,0.40864705882352953,0.4769877770429026,0.00706613098217393,0.2572978572257882,0.2575622131695247,0.6756493062242419
graph_07_mu_0_2_node_195,22,0.37662337662337664,0.0008221490709171083,0.37955927051671734,2.6346346346346348,0.02692567796061891,16.001,5.999,2.6673999999999998,0.272681818181818,0.1292008741402895,0.006297840509461154,0.1578650472334683,0.1580934413768912,0.34457938022109996
graph_07_mu_0_2_node_196,18,0.21666666666666667,0.0009746357228786152,0.3682270549207519,2.715715715715716,0.011480546116452849,11.099,6.901,1.6221506493506497,0.383388888888889,0.430515991835754,0.007049631330759394,0.23743786800148306,0.23770049521436748,0.6183403649875256
graph_07_mu_0_2_node_197,16,0.3516483516483517,0.0005714380563696423,0.35627674750356636,2.8068068068068066,0.007454928449109546,11.984,4.016,3.0066666666666664,0.251,0.2758769022976819,0.004085187979691542,0.14379872920682513,0.14395159057080445,0.743794058873774
graph_07_mu_0_2_node_198,37,0.42016806722689076,0.002179552984624465,0.3885647607934656,2.5735735735735736,0.027100088611733256,27.034,9.966,2.7152111111111115,0.2693513513513513,0.35865755181693293,0.010262650912559245,0.15565166083916082,0.15603134813865877,0.9347340176749938
graph_07_mu_0_2_node_199,19,0.3161764705882353,0.0006984976226434187,0.3627450980392157,2.7567567567567566,0.010719027803249332,13.095,5.905,2.241716666666667,0.31078947368421056,0.30814120076452456,0.006035129927840489,0.18417862872421698,0.1844033943965864,0.6209692273252108
graph_07_mu_0_2_node_200,31,0.2660098522167488,0.002344393621840509,0.383199079401611,2.6096096096096097,0.015108805464572059,21.013,9.987,2.104736111111112,0.3221612903225806,0.37523343905393586,0.010266132663297492,0.19201773907434289,0.19239805181931463,0.7512194754442357
graph_07_mu_0_2_node_201,20,0.06315789473684211,0.0021648170298635937,0.38334612432847276,2.6086086086086087,0.012149588108732512,6.018,13.982,0.43127564102564103,0.6990999999999999,0.9498661245733185,0.014246242124623986,0.5376453398453398,0.5381770967477746,0.4011178818332911
graph_07_mu_0_2_node_202,29,0.4017094017094017,0.0015496867415117246,0.38173481085212074,2.6196196196196198,0.02156236124006154,20.017,8.983,2.2302777777777774,0.3097586206896552,0.3230887914375551,0.009250652866035693,0.18327921507064365,0.18362128176585768,0.6828824292783879
graph_07_mu_0_2_node_203,19,0.1323529411764706,0.0012187202368054233,0.36195652173913045,2.7627627627627627,0.006381642529948799,10.93,8.07,1.375169511044511,0.424736842105263,0.5590394388095961,0.008219581162885084,0.2707472395666583,0.2710543350153356,0.6576124708749848
graph_07_mu_0_2_node_204,25,0.3933333333333333,0.0012914056823553123,0.3784090909090909,2.6426426426426426,0.021935891922961824,17.022,7.978,2.135565476190476,0.31912,0.32201734591472453,0.00818890938892555,0.18987340179200646,0.1901771410918534,0.6852890391524438
graph_07_mu_0_2_node_205,25,0.3,0.0016072108413269712,0.38977760436987907,2.5655655655655654,0.02765548067469954,15.013,9.987,1.5036111111111108,0.39948,0.25458654337737124,0.010407924991163803,0.24960365853658537,0.2499837975957267,0.38231751876091485
graph_07_mu_0_2_node_206,19,0.30409356725146197,0.0009105657029378277,0.3647316538882804,2.7417417417417416,0.010931794690791637,13.014,5.986,2.1764833333333335,0.3150526315789475,0.21768785252877587,0.0061603431887464226,0.1870025623885918,0.18723040980444547,0.4722352416404792
graph_07_mu_0_2_node_207,20,0.4842105263157895,0.00046167077515539356,0.374578177727784,2.66966966966967,0.026174492120680685,16.021,3.979,4.035,0.19895000000000004,0.08581228970176125,0.004176811533988735,0.11048048048048052,0.1106319809068049,0.3448849085475867
graph_07_mu_0_2_node_208,20,0.35789473684210527,0.0008458568927732152,0.3755639097744361,2.6626626626626626,0.021107042537806275,13.01,6.99,1.8622857142857148,0.34949999999999987,0.18954879035372915,0.007262026676573818,0.2117687802393684,0.21203483308431917,0.3524177667980686
graph_07_mu_0_2_node_209,28,0.3862433862433862,0.0015370887719628392,0.38086160884483417,2.625625625625626,0.015613800265448154,22.006,5.994,3.6722666666666655,0.2140714285714286,0.21785321075528608,0.006168749599408318,0.11986823529411769,0.12009654349204718,0.7990545114941442
graph_07_mu_0_2_node_210,21,0.41904761904761906,0.0009122036296442821,0.3724832214765101,2.684684684684685,0.017998182020125514,15.01,5.99,2.5073499999999997,0.2852380952380952,0.1624481043891205,0.006223052600281879,0.16635301090564247,0.16658104522430728,0.40656206258475047
graph_07_mu_0_2_node_211,24,0.2644927536231884,0.002170607616091794,0.3755639097744361,2.6626626626626626,0.01009153465716532,13.061,10.939,1.1964242424242426,0.45579166666666654,0.7135045349698012,0.011154551213837391,0.29526005033373454,0.2956763483783789,0.8456588308380788
graph_07_mu_0_2_node_212,22,0.329004329004329,0.0013234096245264297,0.3729003359462486,2.6816816816816815,0.015525804013332773,14.009,7.991,1.7539285714285713,0.3632272727272727,0.23673269699130167,0.008275466703072224,0.22193014066698283,0.22223430504388766,0.41468332581823697
graph_07_mu_0_2_node_213,30,0.335978835978836,0.001953167802575998,0.3864603481624758,2.5875875875875876,0.020402640819549348,20.024,9.976,2.0081666666666664,0.3325333333333333,0.40251730566155636,0.010240090173335712,0.1994371040723982,0.1998169694375906,0.7659581010163588
graph_07_mu_0_2_node_214,22,0.30303030303030304,0.0015179815703512164,0.37755102040816324,2.6486486486486487,0.015287067942569059,14.004,7.996,1.7515714285714283,0.3634545454545454,0.359641241897256,0.008180885979882611,0.22209009009009015,0.22239444465760258,0.6295342024178611
graph_07_mu_0_2_node_215,20,0.26842105263157895,0.0008803932492021445,0.37970353477765106,2.6336336336336337,0.024600061786213167,12.012,7.988,1.5048809523809523,0.3994000000000001,0.17212672425233766,0.008385583757988315,0.2495565953654189,0.24986059934054908,0.2585730962621325
graph_07_mu_0_2_node_216,21,0.37142857142857144,0.001014480408168841,0.37013708781030014,2.7017017017017015,0.0166674272887485,15.02,5.98,2.514,0.2847619047619047,0.1622391311907063,0.00621258129953459,0.16603603603603603,0.16626368988947157,0.40650371035496974
graph_07_mu_0_2_node_217,30,0.3080459770114943,0.002239994235963091,0.38660990712074306,2.5865865865865865,0.018309269013029348,19.011,10.989,1.7307424242424239,0.36629999999999985,0.3459561963922812,0.011355186777514525,0.22422702003878475,0.22464540994809007,0.5981201016339025
graph_07_mu_0_2_node_218,21,0.3157894736842105,0.0008389192066606673,0.37151357381926364,2.6916916916916915,0.0130385783168093,15.006,5.994,2.5042,0.2854285714285713,0.26587713976437066,0.006138280378162204,0.16647747747747746,0.16670566399440356,0.6206476142580712
graph_07_mu_0_2_node_219,19,0.2631578947368421,0.000990247952927175,0.37387724550898205,2.674674674674675,0.015038360376389056,11.007,7.993,1.377375,0.4206842105263156,0.25164059649119,0.008259303033095302,0.26638064516129034,0.26668481616344686,0.34623068086757225
graph_07_mu_0_2_node_220,19,0.3391812865497076,0.0008860701216614652,0.36208771293947084,2.7617617617617616,0.00899623458829102,13.007,5.993,2.1711000000000005,0.31542105263157894,0.22514211798735356,0.006160559217165051,0.18724810606060607,0.18747621979374804,0.4881822278614883
graph_07_mu_0_2_node_221,18,0.375,0.0005252746913661394,0.3593525179856115,2.7827827827827827,0.00865819403679948,14.005,3.995,3.5075,0.22194444444444453,0.16060994868431863,0.004101114191774922,0.12482954545454544,0.12498163170828795,0.5222290453559834
graph_07_mu_0_2_node_222,21,0.12857142857142856,0.0019423098202964613,0.3751408186256102,2.665665665665666,0.008638537027345435,9.025,11.975,0.7540090909090909,0.5702380952380952,0.7717273581672625,0.012176234960289984,0.3988737903225807,0.39932935720841656,0.5794604239625565
graph_07_mu_0_2_node_223,17,0.14705882352941177,0.0013052579141033301,0.36314067611777534,2.7537537537537538,0.009200494023811854,9.074,7.926,1.151735137085137,0.4662352941176471,0.5265680538463577,0.008073084638735552,0.30429565708765105,0.3045972341262689,0.5943100255284854
graph_07_mu_0_2_node_224,34,0.39215686274509803,0.002294316359190056,0.38616157711635096,2.5895895895895897,0.022454125132138205,25.089,8.911,2.825337301587302,0.2620882352941176,0.2904341443682431,0.009198021522899285,0.1508585903491711,0.1511980468275142,0.8140431897526298
graph_07_mu_0_2_node_225,21,0.38571428571428573,0.0009814478965070323,0.36836283185840707,2.714714714714715,0.011107283449468288,15.022,5.978,2.5154,0.28466666666666657,0.18835559143175976,0.006176963303739207,0.16597297297297295,0.16620055073162415,0.47247488945625266
graph_07_mu_0_2_node_226,33,0.38257575757575757,0.002026543709222552,0.3928430987023201,2.5455455455455454,0.08235651846894099,23.051,9.949,2.3186999999999998,0.3014848484848485,0.21876217096751094,0.010445536656536926,0.17751691729323307,0.17789584220377347,0.5048986022204314
graph_07_mu_0_2_node_227,30,0.3253968253968254,0.0015283579634466351,0.38796116504854367,2.5775775775775776,0.029774193054681312,20.027,9.973,2.009571428571429,0.3324333333333333,0.2705329335612829,0.010360895100412403,0.19937003329633746,0.19974978451071734,0.5153384373225224
graph_07_mu_0_2_node_228,25,0.2633333333333333,0.0021070118322349465,0.3858632676709154,2.5915915915915915,0.01645530718309406,14.141,10.859,1.3056376262626264,0.43436000000000013,0.6018487405645553,0.011107615489985614,0.27755673188600016,0.2779700204628739,0.7706957128843192
graph_07_mu_0_2_node_229,48,0.3178743961352657,0.0032405167198952594,0.4072564207093355,2.4554554554554553,0.06342233190597116,37.073,10.927,3.3961696969696975,0.2276458333333333,0.21121058728205142,0.011539227650992868,0.12845519128260768,0.12887179435192425,0.6955359584278173
graph_07_mu_0_2_node_230,16,0.325,0.0007516149730297547,0.35325318246110327,2.830830830830831,0.0060164059454866125,10.025,5.975,1.6813333333333336,0.3734375,0.28886773116669856,0.0061076132569233615,0.2296459096459097,0.22987328665827256,0.4827766489716128
graph_07_mu_0_2_node_231,22,0.4329004329004329,0.0009780844217796238,0.3713754646840149,2.6926926926926926,0.018933825058254604,16.031,5.969,2.6897666666666664,0.2713181818181817,0.16203100836242176,0.006200942219971516,0.15697584345479082,0.1572030960808916,0.4340716479977066
graph_07_mu_0_2_node_232,16,0.275,0.0008810548599483832,0.35325318246110327,2.830830830830831,0.004919848423682155,10.997,5.003,2.202933333333333,0.3126875,0.33099560133365497,0.0050977603655782385,0.18543412143412139,0.1856245302382962,0.7258538843026672
graph_07_mu_0_2_node_233,50,0.4237588652482269,0.0035362285668263578,0.408255006129955,2.4494494494494496,0.12664288081796138,39.034,10.966,3.561313131313132,0.2193200000000001,0.24100983353258057,0.011513559458105659,0.1231721337339315,0.12359028580197023,0.8346437103283391
graph_07_mu_0_2_node_234,26,0.28307692307692306,0.0018390373332763488,0.37276119402985075,2.6826826826826826,0.01618192087735791,16.05,9.95,1.6147333333333336,0.38269230769230783,0.3238150189711912,0.01027118265997161,0.23666082754454848,0.23703958850695525,0.5198624695161516
graph_07_mu_0_2_node_235,14,0.16483516483516483,0.0008349002612909114,0.3618254255704455,2.7637637637637638,0.0077388635004085075,7.015,6.985,1.0051333333333334,0.49892857142857144,0.45018187689856226,0.007102368394442763,0.332429512516469,0.3326952538154999,0.45061537649059846
graph_07_mu_0_2_node_236,17,0.1323529411764706,0.001360122068962056,0.37206703910614525,2.6876876876876876,0.010868326623800712,8.031,8.969,0.8964444444444447,0.5275882352941176,0.4640475090359499,0.009171300913216005,0.35838967032967034,0.3587308926094474,0.41328714392218
graph_07_mu_0_2_node_237,30,0.28735632183908044,0.002116980806757207,0.3951740506329114,2.5305305305305303,0.030702714320355737,18.041,11.959,1.509318181818182,0.3986333333333334,0.30503637868920097,0.012462632071865128,0.24895408163265306,0.2494093523618073,0.4591717926082587
graph_07_mu_0_2_node_238,16,0.21666666666666667,0.0009784851624983551,0.36327272727272725,2.7527527527527527,0.0062780644262582655,9.01,6.99,1.2895238095238097,0.436875,0.3749343119229738,0.007133139381823074,0.27950769230769246,0.27977366418280497,0.4824314050332979
graph_07_mu_0_2_node_239,30,0.335978835978836,0.0016758928825647368,0.3804265041888804,2.6286286286286287,0.02094223005193178,22.021,7.979,2.7616071428571427,0.2659666666666667,0.2513426590604037,0.008244581411322777,0.15339058216416704,0.1536944752301826,0.661278044055048
graph_07_mu_0_2_node_240,23,0.319047619047619,0.001334967162096554,0.3712374581939799,2.6936936936936937,0.0122867215185897,15.023,7.977,1.886472619047619,0.3468260869565216,0.3618874615973899,0.008172583736653995,0.20983225041967013,0.2101359053652502,0.6341140468369368
graph_07_mu_0_2_node_241,30,0.4444444444444444,0.0013177610515324816,0.38028169014084506,2.6296296296296298,0.023350402152671916,22.036,7.964,2.7753928571428568,0.2654666666666667,0.286743095603587,0.008200843408607281,0.15308369931954835,0.153387021327065,0.755155668709354
graph_07_mu_0_2_node_242,18,0.1437908496732026,0.0015294017185629896,0.3801369863013699,2.630630630630631,0.017385325646053298,7.071,10.929,0.6497576923076924,0.6071666666666665,0.7480080016289254,0.011115988633837733,0.4363016340181559,0.4367173618404477,0.47545437072832164
graph_07_mu_0_2_node_243,15,0.3904761904761905,0.00057001991305599,0.35742397137745974,2.7977977977977977,0.006955674675492024,10.014,4.986,2.011,0.3323999999999999,0.22614140865670435,0.005108546719985546,0.199357264957265,0.1995470128800062,0.45292552891215476
graph_07_mu_0_2_node_244,21,0.14761904761904762,0.001625356060424939,0.3784090909090909,2.6426426426426426,0.01119375475332148,10.044,10.956,0.917533333333333,0.5217142857142858,0.5667614814917642,0.011203568562314126,0.35297837243401764,0.353395221728247,0.5171109706052497
graph_07_mu_0_2_node_245,21,0.26900584795321636,0.0011996382237572697,0.3671444321940463,2.7237237237237237,0.008500894585243063,13.009,7.991,1.62875,0.38052380952380965,0.40531542303010615,0.008163201640340331,0.23498235294117648,0.23528649416480238,0.608405866403125
graph_07_mu_0_2_node_246,15,0.14102564102564102,0.0008633113081807158,0.3572961373390558,2.798798798798799,0.010087392033491125,8.013,6.987,1.1491666666666664,0.46580000000000005,0.46238377517521473,0.007119055219975749,0.30371987577639753,0.30398571320950324,0.4624648244732527
graph_07_mu_0_2_node_247,45,0.26578073089701,0.0036201755221690916,0.4074225122349103,2.4544544544544546,0.04202074884645272,32.09,12.91,2.487762237762237,0.2868888888888888,0.27850717213513737,0.013551637558754461,0.16748441431985736,0.16797639718419483,0.6690861234728879
graph_07_mu_0_2_node_248,17,0.580952380952381,0.00036448888553569056,0.3510189739985945,2.848848848848849,0.005738925212239354,14.014,2.986,4.706333333333334,0.17564705882352935,0.19464184010086893,0.003045012586238113,0.09629435483870967,0.09640803372089242,0.8449929773471268
graph_07_mu_0_2_node_249,41,0.2793522267206478,0.0029092698471727095,0.4013660104459622,2.4914914914914914,0.05253935031181109,30.033,10.967,2.7399868686868687,0.2674878048780489,0.21179052731065628,0.011582388016629643,0.15440243209638346,0.15482033540722995,0.55990866052753
graph_07_mu_0_2_node_250,23,0.2766798418972332,0.0013218954884108409,0.3854166666666667,2.5945945945945947,0.025333179600804247,13.016,9.984,1.3041527777777782,0.43408695652173923,0.25454549009188165,0.01040469546288626,0.2772270428323059,0.27760700995875487,0.3313175225597569
graph_07_mu_0_2_node_251,20,0.32105263157894737,0.0009711834019573162,0.3766968325791855,2.6546546546546548,0.01982759426644955,13.022,6.978,1.8676190476190477,0.34889999999999993,0.1504518980181595,0.007324949490537907,0.21133689839572184,0.21160249482834212,0.280215782300441
graph_07_mu_0_2_node_252,24,0.286231884057971,0.0017440402468465862,0.37641296156744536,2.6566566566566565,0.0175650200801296,14.141,9.859,1.4406952380952378,0.4107916666666667,0.5470352221817864,0.010083943344741846,0.2586654685494223,0.259040711543115,0.7709605818459799
graph_07_mu_0_2_node_253,41,0.2524390243902439,0.003913024879370372,0.4062627084180561,2.4614614614614614,0.0412278989198477,27.04,13.96,1.937855477855477,0.3404878048780488,0.3009221287982233,0.01465441075182673,0.2051867649202976,0.20571853613136304,0.581914398616376
graph_07_mu_0_2_node_254,16,0.23333333333333334,0.0010298131688226844,0.3635371179039301,2.750750750750751,0.007955787073349397,9.009,6.991,1.2891428571428574,0.4369375,0.4832347118913453,0.007103121882926116,0.2795569230769232,0.27982293297627436,0.6216851730935352
graph_07_mu_0_2_node_255,32,0.3629032258064516,0.0014727303437058583,0.3919183993723029,2.5515515515515514,0.055285813206667485,23.02,8.98,2.5650158730158736,0.280625,0.20983561686281038,0.009396188776403951,0.1632236578908085,0.16356568864193236,0.5369947889768477
graph_07_mu_0_2_node_256,19,0.2807017543859649,0.0011228368935388134,0.36863468634686347,2.7127127127127126,0.008712556501770349,13.017,5.983,2.1774333333333336,0.31489473684210534,0.3858130614073865,0.006083280698438102,0.18688825757575755,0.18711599089287306,0.8369485727815745
graph_07_mu_0_2_node_257,27,0.2564102564102564,0.00170698330972561,0.3823191733639495,2.6156156156156154,0.01951195118217139,17.034,9.966,1.7107249999999994,0.3691111111111111,0.3893411662933015,0.010235970518377265,0.2263537549407114,0.22673315319538762,0.6635070640474744
graph_07_mu_0_2_node_258,16,0.1978021978021978,0.0007673053630471641,0.3593525179856115,2.7827827827827827,0.006545827189294613,9.926,6.074,1.6524634920634924,0.379625,0.4192931456826133,0.006189164577717494,0.23497936987328294,0.23521051035662532,0.593602101187027
graph_07_mu_0_2_node_259,46,0.4334038054968288,0.00241518477973988,0.408923454768727,2.4454454454454453,0.0724768493417032,37.02,8.98,4.124619047619049,0.19521739130434784,0.20983175081476066,0.009396308780128898,0.1081710640882859,0.10851345999286457,0.8406569243257141
graph_07_mu_0_2_node_260,19,0.19298245614035087,0.0012327066525065016,0.376271186440678,2.6576576576576576,0.014417017915453592,9.065,9.935,0.9172270146520148,0.5228947368421052,0.6054839207648399,0.010112243630042804,0.35428960644101903,0.3546675950601016,0.5461685539017103
graph_07_mu_0_2_node_261,47,0.29393939393939394,0.0035560183947406215,0.4121287128712871,2.4264264264264264,0.062172274580749864,35.061,11.939,2.9402734848484844,0.2540212765957446,0.23077699127065848,0.012607605122528141,0.14550678298832875,0.14596188214428296,0.6566770747432557
graph_07_mu_0_2_node_262,22,0.3736842105263158,0.0009126025674687365,0.36221899927483686,2.760760760760761,0.00789365219399408,17.007,4.993,3.407699999999999,0.22695454545454538,0.2678181157631157,0.005095232353109179,0.12800769230769232,0.12819780780092538,0.8576788663516165
graph_07_mu_0_2_node_263,29,0.2706552706552707,0.0017498616790380165,0.3920722135007849,2.5505505505505504,0.029551366207689965,20.031,8.969,2.234708333333333,0.30927586206896557,0.19334533989807898,0.009415159625438131,0.18293959183673472,0.1832811259875371,0.40966857548884594
graph_07_mu_0_2_node_264,34,0.3326612903225806,0.0021778876500947917,0.38735944164404806,2.5815815815815815,0.018167808344553543,25.018,8.982,2.786277777777778,0.2641764705882353,0.28283903498105795,0.009281225249782029,0.15219661016949151,0.15253876919042017,0.7556603858054904
graph_07_mu_0_2_node_265,29,0.3103448275862069,0.0018005825432153713,0.39423835832675613,2.5365365365365364,0.043545144632237076,18.062,10.938,1.653849422799423,0.3771724137931035,0.25590143067138255,0.011443857132442751,0.23246604778081456,0.23288246636456028,0.42102667005341454
graph_07_mu_0_2_node_266,26,0.3442028985507246,0.001184715121163984,0.374859287054409,2.6676676676676676,0.013950257432651693,20.002,5.998,3.3350666666666675,0.23069230769230772,0.18443856684258814,0.0062025823432303685,0.13038667900092502,0.13061510466710835,0.5842028975656317
graph_07_mu_0_2_node_267,32,0.39080459770114945,0.0018510830015967604,0.3940828402366864,2.5375375375375375,0.03146885316170546,23.033,8.967,2.5702222222222226,0.28021875,0.22871835888886977,0.00934465451334562,0.16295064935064932,0.16329218544545523,0.5610702737117104
graph_07_mu_0_2_node_268,23,0.20476190476190476,0.001465356322527797,0.37206703910614525,2.6876876876876876,0.009325119769556963,15.028,7.972,1.8866369047619045,0.3466086956521738,0.32072892828492006,0.008183728551391987,0.2096587719298245,0.20996223680067483,0.5629450640025295
graph_07_mu_0_2_node_269,48,0.4077294685990338,0.00272334727687094,0.40396279822078446,2.4754754754754753,0.07195508594737939,38.048,9.952,3.8277142857142845,0.20733333333333337,0.23273397831349085,0.010412747482653646,0.11566754613523937,0.11604701864317596,0.8644430823887826
graph_07_mu_0_2_node_270,21,0.36666666666666664,0.0009113969825047486,0.3624818577648766,2.7587587587587588,0.007811562081966089,16.027,4.973,3.22905,0.23680952380952383,0.20025301697135298,0.005104737662207217,0.1343301236459131,0.13451946353202876,0.6431257705384619
graph_07_mu_0_2_node_271,24,0.4155844155844156,0.0008859189105685142,0.36782032400589104,2.7187187187187187,0.00972966066074889,19.018,4.982,3.821599999999999,0.20758333333333337,0.2408175668928222,0.005092539001041953,0.11582241014799154,0.11601213588875438,0.8685025974805289
graph_07_mu_0_2_node_272,49,0.32377428307123035,0.0038656253237820313,0.41366459627329194,2.4174174174174174,0.04666124428557467,36.09,12.91,2.799704428904428,0.26346938775510204,0.3296119069544743,0.013452903394573971,0.151746300354362,0.1522384329675259,0.8932866209431977
graph_07_mu_0_2_node_273,31,0.3720430107526882,0.000987737601157529,0.39454976303317535,2.5345345345345347,0.04748832101490758,25.014,5.986,4.1811333333333325,0.19309677419354834,0.11559810559292341,0.006321766526546968,0.10687092731829574,0.10709898309403196,0.4824546804746287
graph_07_mu_0_2_node_274,23,0.2450592885375494,0.002131737930517627,0.3824655436447167,2.6146146146146148,0.014992103789556272,14.018,8.982,1.561396825396826,0.3905217391304348,0.4820172383081109,0.009165443257404192,0.24265601634022693,0.2429978888411365,0.750669932579453
graph_07_mu_0_2_node_275,18,0.23529411764705882,0.001350643687723902,0.3675496688741722,2.720720720720721,0.008434555799791812,9.986,8.014,1.2496456043956043,0.44522222222222235,0.5475102202948958,0.008153458434513894,0.28664313557506954,0.2869480811741173,0.6760436831108508
graph_07_mu_0_2_node_276,27,0.4633333333333333,0.0009937127386923893,0.374859287054409,2.6676676676676676,0.015343450715082411,22.006,4.994,4.408099999999998,0.18496296296296294,0.15723562058238738,0.005160387016473547,0.1019085714285714,0.10209879741199644,0.6609760442797418
graph_07_mu_0_2_node_277,26,0.37538461538461537,0.0012242649967163942,0.38028169014084506,2.6296296296296298,0.03612708871954401,20.071,5.929,3.3961666666666672,0.22803846153846158,0.11472213142214854,0.006260846689594982,0.1287301110083256,0.12895591037912435,0.3861670289094814
graph_07_mu_0_2_node_278,26,0.358695652173913,0.0009379045474811454,0.38261202604366146,2.6136136136136137,0.02580996101714366,20.008,5.992,3.3402666666666674,0.23046153846153852,0.12911908761247637,0.006290179828487307,0.13024236817761328,0.13047056547255426,0.40928619398299226
graph_07_mu_0_2_node_279,35,0.4050420168067227,0.002086569868781722,0.39595719381688466,2.5255255255255253,0.09150158215612376,25.039,9.961,2.5161388888888885,0.2845999999999999,0.21898794279742362,0.010457871007082807,0.16592558500793228,0.16630502422355514,0.5491165907485456
graph_07_mu_0_2_node_280,27,0.46153846153846156,0.0011221217377041953,0.3824655436447167,2.6146146146146148,0.026938239256508338,21.02,5.98,3.5189,0.22148148148148158,0.1672310537580699,0.0062087917571826395,0.12454265306122449,0.12477041094400874,0.5866750140846649
graph_07_mu_0_2_node_281,40,0.3541963015647226,0.002111813449609716,0.3951740506329114,2.5305305305305303,0.033683866130131745,31.015,8.985,3.453730158730158,0.22462500000000005,0.26633361320057086,0.00930417186229961,0.12652839410894595,0.12687082378807016,0.8885461277692798
graph_07_mu_0_2_node_282,30,0.39770114942528734,0.0014487338464291596,0.38408304498269896,2.6036036036036037,0.030462396708502402,23.024,6.976,3.302857142857142,0.23253333333333337,0.1503776559957365,0.007323055789603101,0.13157232704402513,0.1318380496836146,0.4954507013562617
graph_07_mu_0_2_node_283,23,0.33201581027667987,0.0011739352208680182,0.374578177727784,2.66966966966967,0.014626979236800225,16.039,6.961,2.3072904761904756,0.3026521739130435,0.31884705508069144,0.007125932725953796,0.1783386178861788,0.1786036282223528,0.7314859897233654
graph_07_mu_0_2_node_284,35,0.3068181818181818,0.0021727864086215245,0.38841368584758945,2.5745745745745747,0.019797871522548992,27.006,7.994,3.378958333333333,0.22840000000000005,0.24589188140528398,0.008266383967805086,0.12892529121863794,0.12922987113835166,0.7994605101898948
graph_07_mu_0_2_node_285,28,0.25396825396825395,0.0021553802290975705,0.378839590443686,2.6396396396396398,0.01353764877407708,18.037,9.963,1.8133000000000004,0.3558214285714285,0.4561946221752714,0.010198642500559973,0.21645533765032382,0.2168346505736754,0.8226693274393313
graph_07_mu_0_2_node_286,17,0.20588235294117646,0.0010203868510482205,0.36314067611777534,2.7537537537537538,0.0078231109976141,9.023,7.977,1.1329738095238095,0.46923529411764714,0.4302402793801674,0.008136653740275985,0.3066181318681318,0.3069216481861525,0.48459734622213874
graph_07_mu_0_2_node_287,28,0.3968253968253968,0.0010873153559349236,0.38482280431432975,2.5985985985985987,0.045803176435245924,20.033,7.967,2.5172666666666665,0.2845357142857142,0.1862584860792301,0.008336009735417604,0.16588470588235293,0.16618809603770213,0.46692783179755804
graph_07_mu_0_2_node_288,19,0.3216374269005848,0.0006969632075955877,0.37387724550898205,2.674674674674675,0.015035842827772502,13.007,5.993,2.17205,0.31542105263157894,0.1843877993051038,0.006197048343731687,0.18725445632798574,0.18748257003505794,0.39975971364514323
graph_07_mu_0_2_node_289,19,0.17543859649122806,0.001567638840053896,0.3668747704737422,2.725725725725726,0.006762703563549216,10.006,8.994,1.1126944444444444,0.47336842105263166,0.4045428899667877,0.00920199086875317,0.31008275862068974,0.3104249832498845,0.44967396811887844
graph_07_mu_0_2_node_290,25,0.33666666666666667,0.001142908397091866,0.3843786071565987,2.6016016016016015,0.03522110512734617,18.038,6.962,2.594047619047619,0.2784800000000001,0.13452092415768147,0.007352361803705386,0.16178646934460889,0.1620515581024515,0.3476589203504886
graph_07_mu_0_2_node_291,18,0.39166666666666666,0.0007630750567156223,0.354004252303331,2.824824824824825,0.005431947493836166,13.011,4.989,2.611700000000001,0.2771666666666666,0.28433605775285775,0.0050833874721916035,0.16089772727272728,0.16108763265661508,0.6831399432649871
graph_07_mu_0_2_node_292,17,0.4095238095238095,0.0006315162842830495,0.3594818279956819,2.7817817817817816,0.010005138567870494,12.069,4.931,2.4597833333333328,0.2900588235294117,0.32378961614255525,0.005025667230497597,0.16972228401928072,0.16990996837440595,0.7158452013054403
graph_07_mu_0_2_node_293,37,0.226890756302521,0.0029848939965342676,0.39501779359430605,2.5315315315315314,0.022376309836867652,26.014,10.986,2.3684949494949503,0.296918918918919,0.3379678193524632,0.011360373246761774,0.17434735958485956,0.17476585851992918,0.7688758893953732
graph_07_mu_0_2_node_294,37,0.4151260504201681,0.002445919826572268,0.3919183993723029,2.5515515515515514,0.025638015708007104,27.016,9.984,2.7066805555555566,0.2698378378378378,0.35900443671703886,0.010281751537677913,0.15596592365967366,0.15634629611593215,0.9343871327748879
graph_07_mu_0_2_node_295,27,0.2849002849002849,0.0023239262219617246,0.3875096974398759,2.5805805805805804,0.014992903140192703,16.016,10.984,1.4585272727272725,0.4068148148148148,0.5572586539785741,0.01122055618622202,0.2553585623678647,0.25577666666709226,0.8111624393518502
graph_07_mu_0_2_node_296,25,0.4066666666666667,0.000947107844175615,0.38086160884483417,2.625625625625626,0.03776779185082999,20.011,4.989,4.01375,0.19956000000000004,0.09632073333348985,0.005269064511245064,0.11084541062801935,0.11103541729396764,0.38597538604950343
graph_07_mu_0_2_node_297,17,0.4095238095238095,0.0006649434171045617,0.3535031847133758,2.828828828828829,0.005738085362528424,13.006,3.994,3.2585,0.23494117647058826,0.2761399774501367,0.004057899859023348,0.13311397849462367,0.1332660151164665,0.8288342985256718
graph_07_mu_0_2_node_298,29,0.3190883190883191,0.0018917397080251042,0.38202676864244745,2.6176176176176176,0.013844864965574882,19.031,9.969,1.910069444444444,0.3437586206896553,0.50623664628667,0.01018314045859978,0.20756986394557828,0.20794943414220063,0.9129731589198539
graph_07_mu_0_2_node_299,23,0.308300395256917,0.0016798288117878442,0.3726221559119731,2.6836836836836837,0.01248671468027498,14.028,8.972,1.565823412698413,0.39008695652173914,0.5115989051499858,0.00914149205942359,0.24234860305649783,0.2426900951820062,0.7972644032680969
graph_07_mu_0_2_node_300,35,0.25882352941176473,0.0025100467674310073,0.39627132090440303,2.5235235235235236,0.04576974463657697,23.054,11.946,1.9310909090909094,0.3413142857142857,0.23075413050789015,0.012616116664077023,0.2057932982661212,0.20624824789732885,0.4440875972702838
graph_07_mu_0_2_node_301,36,0.4142857142857143,0.0017461418004992293,0.39238020424194814,2.5485485485485486,0.033659403663811566,28.017,7.983,3.5109285714285714,0.22175000000000009,0.21651512281464086,0.008293582783075671,0.12470576923076922,0.12500995356260378,0.759049337592842
graph_07_mu_0_2_node_302,25,0.4666666666666667,0.0009842395498526892,0.38290532771176694,2.6116116116116115,0.028259790041483053,19.02,5.98,3.1837499999999994,0.2392000000000001,0.16725182535084876,0.006208766785406138,0.1358596837944663,0.13608740699313804,0.5310164149206821
graph_07_mu_0_2_node_303,18,0.27450980392156865,0.0011598249501591842,0.3671444321940463,2.7237237237237237,0.011033145709780192,11.017,6.983,1.5803000000000005,0.3879444444444446,0.3769372050299163,0.007122509769481317,0.2407355951056729,0.2410013411018312,0.5916537717378847
graph_07_mu_0_2_node_304,20,0.2736842105263158,0.0010785759333991167,0.37471867966991745,2.6686686686686687,0.014650244618181414,12.016,7.984,1.5058333333333336,0.39920000000000005,0.31169060049295466,0.008200732272786813,0.24939616755793226,0.24970001945930909,0.4680323441698197
graph_07_mu_0_2_node_305,20,0.4473684210526316,0.0007382138960317456,0.36380189366351057,2.7487487487487487,0.010382203013128186,15.013,4.987,3.013,0.24934999999999996,0.2532077761049579,0.0050940998074057225,0.1424444444444444,0.1426343026672978,0.76030763374159
graph_07_mu_0_2_node_306,16,0.16483516483516483,0.0008955824338690237,0.36156351791530944,2.765765765765766,0.00857680672801074,8.04,7.96,1.0131619047619047,0.4975,0.5011561833841334,0.008107214526202867,0.3312688319088319,0.3315716788150724,0.43985415093439156
graph_07_mu_0_2_node_307,37,0.3963963963963964,0.00287396066582694,0.392688679245283,2.5465465465465464,0.03155031119613456,27.073,9.927,2.731082936507937,0.2682972972972973,0.277918185190185,0.010306606272898318,0.1549568086142713,0.15533501163224914,0.7553653899191299
graph_07_mu_0_2_node_308,29,0.41025641025641024,0.001294910880324653,0.37970353477765106,2.6336336336336337,0.01744249067060051,21.026,7.974,2.6398452380952384,0.2749655172413794,0.3217917178067137,0.008185153390875262,0.1594156259426848,0.15971930554391367,0.8063914334685149
graph_07_mu_0_2_node_309,32,0.1975806451612903,0.002604199409471163,0.40379951495553756,2.4764764764764764,0.04513010781281341,17.022,14.978,1.1368029304029301,0.4680625,0.28914445908104197,0.01581876258760291,0.3055528771508604,0.30612296941413103,0.3281310548791544
graph_07_mu_0_2_node_310,39,0.3292847503373819,0.0022617684669521275,0.3958003169572108,2.5265265265265264,0.03516376138147707,28.027,10.973,2.556356818181819,0.2813589743589743,0.325335839759906,0.011362661408475404,0.16372419415527403,0.16414226202733478,0.8295046855236703
graph_07_mu_0_2_node_311,24,0.1645021645021645,0.0019383666182767275,0.38129770992366413,2.6226226226226226,0.015198036023876189,12.04,11.96,1.0073818181818182,0.49833333333333335,0.5474254701079595,0.01224352569011473,0.33189758179231865,0.332352682612327,0.5031351780884056
graph_07_mu_0_2_node_312,16,0.3956043956043956,0.0005232920953658742,0.34881284916201116,2.8668668668668666,0.004870801409104281,12.014,3.986,3.0186666666666664,0.249125,0.2690003229789372,0.004054911533537789,0.1423054187192118,0.14245713936463386,0.7409383881920776
graph_07_mu_0_2_node_313,26,0.15217391304347827,0.0022062561589146785,0.383199079401611,2.6096096096096097,0.015250145262776354,14.015,11.985,1.1697787878787878,0.4609615384615386,0.547849616545944,0.012270244087616533,0.2995304297328687,0.2999865500680869,0.5940641314935831
graph_07_mu_0_2_node_314,21,0.26900584795321636,0.001109141106138106,0.367414490621552,2.7217217217217216,0.009311763180767657,14.016,6.984,2.0082,0.3325714285714286,0.3099796885726863,0.007151905108814395,0.19946846846846852,0.199734313344401,0.5765450654497557
graph_07_mu_0_2_node_315,16,0.26666666666666666,0.0010988053665051765,0.3611713665943601,2.7687687687687688,0.006379543538922703,10.009,5.991,1.671466666666667,0.3744375,0.414180147764229,0.006086991700284527,0.2303589743589744,0.23058695994151343,0.6907222422955631
graph_07_mu_0_2_node_316,15,0.1523809523809524,0.0009134831330963922,0.3601297764960346,2.7767767767767766,0.006456821188739432,6.995,8.005,0.8752402597402598,0.5336666666666665,0.5427110634303449,0.008146288592514839,0.3641231017266485,0.3644276360390887,0.4722858790758993
graph_07_mu_0_2_node_317,19,0.2573099415204678,0.0011351339641910811,0.36700955180014694,2.724724724724725,0.010662182907481978,12.024,6.976,1.7267261904761906,0.367157894736842,0.4500823854155815,0.007092593612172106,0.22490546475188308,0.2251709648324649,0.7727575026213376
graph_07_mu_0_2_node_318,24,0.31521739130434784,0.001337665475713132,0.3712374581939799,2.6936936936936937,0.010193012636212435,17.016,6.984,2.4390285714285715,0.291,0.32411813752512114,0.007144277683836659,0.17029210834542655,0.17055801391651562,0.7881151759327129
graph_07_mu_0_2_node_319,27,0.28205128205128205,0.0022071174211308973,0.3792710706150342,2.6366366366366365,0.011001418656173198,17.027,9.973,1.7082499999999996,0.36937037037037035,0.4817818741727822,0.010194677096566735,0.22653873517786555,0.22691839968597835,0.8201858933622629
graph_07_mu_0_2_node_320,21,0.3684210526315789,0.0010230671508680235,0.36314067611777534,2.7537537537537538,0.007375394285322759,15.011,5.989,2.5080500000000003,0.28519047619047616,0.3412340923177088,0.006102427468777656,0.1663214793741109,0.16654947564538355,0.7969729677032853
graph_07_mu_0_2_node_321,52,0.4057315233785822,0.0037925081112427064,0.4121287128712871,2.4264264264264264,0.1318616593936799,40.039,11.961,3.3490121212121218,0.23001923076923084,0.26291066562750104,0.012558084098149546,0.12996176379895155,0.1304178745436338,0.8784355768437834
graph_07_mu_0_2_node_322,20,0.19473684210526315,0.001522778684465976,0.37387724550898205,2.674674674674675,0.00983381171854262,10.029,9.971,1.0066111111111111,0.49854999999999994,0.45225197271845435,0.010216050510208179,0.33209408602150536,0.3324734722596653,0.4529874871368971
graph_07_mu_0_2_node_323,29,0.23645320197044334,0.0021262191820745485,0.3881118881118881,2.5765765765765765,0.019669992753081175,18.014,10.986,1.6401131313131314,0.3788275862068966,0.33797155350711167,0.011360318934761377,0.23368367346938784,0.2341019174928109,0.5536187519087606
graph_07_mu_0_2_node_324,26,0.391304347826087,0.0011442113997959782,0.3679558011049724,2.7177177177177176,0.012393804503035446,20.007,5.993,3.339833333333334,0.23050000000000007,0.22516846943988428,0.006160488233196706,0.1302674221399938,0.13049565748810932,0.7135422926419248
graph_07_mu_0_2_node_325,27,0.3190883190883191,0.0020523247167513236,0.3755639097744361,2.6626626626626626,0.009772409846781918,18.021,8.979,2.008196428571429,0.3325555555555555,0.4336324568722189,0.009178823304708162,0.19945550416281224,0.19979736666067538,0.8683021350394117
graph_07_mu_0_2_node_326,22,0.354978354978355,0.0011287383330650489,0.3724832214765101,2.684684684684685,0.012248957763866943,16.01,5.99,2.6750999999999996,0.2722727272727271,0.26581810141704076,0.006133967307477084,0.15760229419703106,0.1578303458617838,0.7092508406329194
graph_07_mu_0_2_node_327,19,0.3382352941176471,0.0008151453008975586,0.3602596465921385,2.775775775775776,0.0076411111148593355,14.045,4.955,2.842749999999999,0.2607894736842105,0.2573398405315204,0.005065717954329471,0.14999108734402852,0.15017971350257653,0.6717705875582147
graph_07_mu_0_2_node_328,22,0.3157894736842105,0.001531449111318283,0.37528174305033807,2.664664664664665,0.011123791038618932,14.034,7.966,1.763488095238095,0.3620909090909091,0.5192883527162552,0.008122776122741737,0.2211008376797851,0.22140405125134713,0.8452323451842387
graph_07_mu_0_2_node_329,24,0.23376623376623376,0.0016037321616844998,0.37898330804248864,2.6386386386386387,0.015366644143533005,15.031,8.969,1.6772857142857147,0.37370833333333336,0.4818532943640593,0.009151442423597882,0.2298198874296436,0.23016129154972798,0.7508338765235048
graph_07_mu_0_2_node_330,27,0.21367521367521367,0.0027048522658841253,0.38071646341463417,2.6266266266266265,0.013015942950877171,15.149,11.851,1.2835249999999998,0.438925925925926,0.6162570456593269,0.012115383167408249,0.2813579964019801,0.2818090571658878,0.7773419298086096
graph_07_mu_0_2_node_331,19,0.3602941176470588,0.0008066175648030836,0.3579362235757793,2.793793793793794,0.007689621472649913,13.058,5.942,2.211316666666667,0.31273684210526326,0.3479997609246685,0.006095016249880056,0.18546349949070537,0.18568967289355112,0.6990799961528439
graph_07_mu_0_2_node_332,29,0.312807881773399,0.002090201106822539,0.38129770992366413,2.6226226226226226,0.014923998939045405,20.007,8.993,2.2251567460317454,0.3101034482758621,0.40453086084753875,0.009200913650554357,0.18350868347338936,0.1838511306829294,0.8993822248405697
graph_07_mu_0_2_node_333,42,0.4153846153846154,0.0027014869677502596,0.3978494623655914,2.5135135135135136,0.03733869761448845,32.012,9.988,3.2056000000000004,0.23780952380952386,0.27911661110729,0.010370820520698664,0.13495351351351348,0.13533418324252927,0.8660433029380208
graph_07_mu_0_2_node_334,18,0.29411764705882354,0.0011998958578436187,0.36931608133086874,2.7077077077077076,0.008941785223490139,11.016,6.984,1.5782857142857147,0.3880000000000001,0.3979678049741885,0.007116276362802951,0.24071724137931028,0.24098302556172876,0.6261674891368723
graph_07_mu_0_2_node_335,19,0.22058823529411764,0.0010586336962377354,0.3653986832479883,2.7367367367367366,0.00865871429040417,12.061,6.939,1.7450476190476192,0.3652105263157894,0.4293947590132849,0.0070911690674473095,0.22357921782518547,0.22384331042751893,0.6775370414869843
graph_07_mu_0_2_node_336,21,0.41904761904761906,0.0008145891123978791,0.37082405345211583,2.6966966966966965,0.01906817764126279,16.015,4.985,3.216450000000001,0.23738095238095241,0.1478058387771485,0.005162057332803728,0.13468858737279787,0.13487838393193055,0.4740524832835404
graph_07_mu_0_2_node_337,25,0.35177865612648224,0.0013864232069253828,0.37641296156744536,2.6566566566566565,0.018862931658238494,17.009,7.991,2.129017857142857,0.31964,0.216643995985,0.008302171024515217,0.19022702104097455,0.1905312549249476,0.4337323109533219
graph_07_mu_0_2_node_338,18,0.3,0.0007425040501673317,0.3614327062228654,2.7667667667667666,0.007300404819867633,12.003,5.997,2.0021,0.3331666666666666,0.26970479020758287,0.006135791585103962,0.19988629032258068,0.20011453883763852,0.49465805312682565
graph_07_mu_0_2_node_339,17,0.3523809523809524,0.000491925495791542,0.34579439252336447,2.891891891891892,0.00542504513086636,13.997,3.003,4.68225,0.17664705882352938,0.198890906959139,0.0030597736092574327,0.09696068031430932,0.09707500597048369,0.8580789212105383
graph_07_mu_0_2_node_340,18,0.27450980392156865,0.0009253892174573492,0.36287686160552124,2.755755755755756,0.009112293899019122,12.008,5.992,2.0048000000000004,0.3328888888888888,0.24081869771974249,0.0061515018963826705,0.1996903225806452,0.19991838091084893,0.4820590908417839
graph_07_mu_0_2_node_341,26,0.3076923076923077,0.0016051563853150188,0.375,2.6666666666666665,0.01360161772808399,19.011,6.989,2.7210952380952387,0.2688076923076923,0.21502555002806326,0.007227097747665818,0.15527922705314007,0.1555453634356296,0.5842309912111165
graph_07_mu_0_2_node_342,26,0.32608695652173914,0.0012358625767902997,0.3769811320754717,2.6526526526526526,0.016743549743371212,17.011,8.989,1.8929642857142859,0.3457307692307692,0.3624493807692338,0.009227393885446645,0.20900122151750053,0.20934343836082167,0.6448570042979346
graph_07_mu_0_2_node_343,24,0.2463768115942029,0.0018875534782364272,0.37179010048381095,2.68968968968969,0.010732685708456906,15.017,8.983,1.6728095238095244,0.3742916666666667,0.36110329079830616,0.00922206661902502,0.23025365853658541,0.2305955950594069,0.60282917377878
graph_07_mu_0_2_node_344,19,0.2222222222222222,0.001219615944200952,0.37471867966991745,2.6686686686686687,0.013875722639044076,11.049,7.951,1.394067857142857,0.41847368421052616,0.41214589057882894,0.008129375210107075,0.2647179130009774,0.26502048680303536,0.5678867023334133
graph_07_mu_0_2_node_345,21,0.27485380116959063,0.0010804759970443475,0.3651315789473684,2.7387387387387387,0.010663675887191724,14.007,6.993,2.0037000000000003,0.3329999999999999,0.3101781514738285,0.007161345779433913,0.1997684684684685,0.2000346556927243,0.5763466025486136
graph_07_mu_0_2_node_346,25,0.33666666666666667,0.0016337861481656422,0.3799923925446938,2.6316316316316315,0.01606827211350355,17.015,7.985,2.1316964285714284,0.31939999999999996,0.30003784069157574,0.008208194170906926,0.19006090808416395,0.1903649137185986,0.6386729213902336
graph_07_mu_0_2_node_347,23,0.21428571428571427,0.0015842985845166068,0.3786959818043973,2.640640640640641,0.012955758839843156,13.023,9.977,1.3060694444444447,0.4337826086956522,0.4428542726698857,0.01021679653444346,0.2769889363047257,0.2773686372847814,0.5323229567548001
graph_07_mu_0_2_node_348,24,0.286231884057971,0.0015349770443482088,0.376271186440678,2.6576576576576576,0.014383116829933207,15.017,8.983,1.6723333333333337,0.37429166666666663,0.3507029235281659,0.009226721539383502,0.2302461538461539,0.23058809041241343,0.5850408510353318
graph_07_mu_0_2_node_349,14,0.2727272727272727,0.000570783205202804,0.35300353356890457,2.8328328328328327,0.007814945599312747,9.988,4.012,2.4951666666666665,0.2865714285714284,0.2553558459888238,0.004098048253939636,0.16734606060606058,0.1674987470776749,0.5691990481588143
graph_07_mu_0_2_node_350,19,0.22058823529411764,0.0011029311653025572,0.36660550458715596,2.7277277277277276,0.011263132732243886,11.053,7.947,1.3951988095238095,0.41826315789473667,0.5008797837977106,0.008093738360777682,0.2645493646138807,0.2648517863363796,0.6283326173845192
graph_07_mu_0_2_node_351,18,0.24183006535947713,0.0010822052577281996,0.36486486486486486,2.740740740740741,0.00834363223056113,11.014,6.986,1.5774285714285718,0.38811111111111124,0.2726413580759909,0.007175920730147701,0.24079999999999993,0.24106586024246424,0.4292226546915447
graph_07_mu_0_2_node_352,33,0.3806818181818182,0.0025144781072139167,0.39315230224321135,2.5435435435435436,0.03011542473892243,23.016,9.984,2.3058666666666667,0.3025454545454546,0.27902973469638126,0.010366714468138444,0.17824060150375937,0.17862085807198236,0.642649196477518
graph_07_mu_0_2_node_353,22,0.24210526315789474,0.0009590954272945232,0.37373737373737376,2.675675675675676,0.016151597978269667,14.01,7.99,1.755342857142857,0.3631818181818181,0.24585065576594228,0.008261964528661722,0.22190713790713798,0.22221126419899748,0.39980817433696236
graph_07_mu_0_2_node_354,38,0.2746031746031746,0.0036602341602774043,0.39658594680428744,2.5215215215215214,0.023868449761352148,25.014,12.986,1.9265757575757578,0.3417368421052631,0.408842342029004,0.013418655593738416,0.20608647741147745,0.20658108867569397,0.7555357964286411
graph_07_mu_0_2_node_355,16,0.16666666666666666,0.001033417487685433,0.37013708781030014,2.7017017017017015,0.011104036470265838,7.021,8.979,0.7824444444444447,0.5611875,0.5788404816510346,0.009129615378371729,0.3900869565217392,0.39042853293499136,0.45082879402544457
graph_07_mu_0_2_node_356,26,0.23076923076923078,0.0024197934335852458,0.37612951807228917,2.6586586586586587,0.009866070314166586,15.019,10.981,1.3684424242424242,0.4223461538461539,0.49415761610745246,0.0112346458516113,0.2677273586689356,0.26814531704174327,0.6746347211890433
graph_07_mu_0_2_node_357,22,0.16017316017316016,0.001941243804112056,0.3786959818043973,2.640640640640641,0.0133581059924693,11.033,10.967,1.0066444444444445,0.4985,0.5889461504508023,0.011190490417644892,0.332041456582633,0.3324587556749814,0.5897390252338033
graph_07_mu_0_2_node_358,22,0.36796536796536794,0.0011193748373372519,0.3779795686719637,2.645645645645646,0.018323294797731364,14.02,7.98,1.7579880952380953,0.36272727272727273,0.28715111898979034,0.008217341554367213,0.2215633001422476,0.22186704617453204,0.5032366215206828
graph_07_mu_0_2_node_359,36,0.26024955436720143,0.0031537085623952574,0.388715953307393,2.5725725725725725,0.019056804413957316,23.031,12.969,1.7768293706293712,0.3602499999999999,0.40848088521373016,0.013400843146142568,0.21971507856124908,0.22020896790288788,0.6929578944083664
graph_07_mu_0_2_node_360,25,0.45849802371541504,0.0009440928781854445,0.3726221559119731,2.6836836836836837,0.014279068573993437,20.016,4.984,4.02,0.19936,0.15702001844205027,0.00514987993072431,0.11072463768115945,0.1109144540087357,0.5982522875845304
graph_07_mu_0_2_node_361,24,0.23376623376623376,0.0014941289253063194,0.38173481085212074,2.6196196196196198,0.021421735898220284,14.074,9.926,1.4220666666666666,0.4135833333333334,0.4516110750021879,0.010167640134191832,0.26081781376518215,0.2611956042830759,0.5896632292700626
graph_07_mu_0_2_node_362,22,0.2789473684210526,0.0011330339986275462,0.369179600886918,2.7087087087087087,0.01591715456600855,14.027,7.973,1.7619166666666668,0.3624090909090909,0.38537896313538983,0.008149810427801935,0.22134771613718987,0.2216511958609217,0.6274785782489744
graph_07_mu_0_2_node_363,15,0.3904761904761905,0.0005989014303728306,0.36038961038961037,2.774774774774775,0.007511901743558721,10.009,4.991,2.00675,0.3327333333333332,0.24097446749920307,0.005102106574213192,0.19958461538461544,0.19977455350961174,0.4824158398388347
graph_07_mu_0_2_node_364,23,0.17786561264822134,0.002151475450914571,0.3842307692307692,2.6026026026026026,0.010892359938066035,13.03,9.97,1.3077944444444447,0.4334782608695653,0.40108248824885095,0.010234647567105355,0.27674537695590323,0.2771248118156156,0.5223419441205048
graph_07_mu_0_2_node_365,21,0.21428571428571427,0.001590912010632737,0.3758465011286682,2.660660660660661,0.016066129347201984,11.025,9.975,1.106208333333333,0.475,0.481802611230455,0.010196766615257502,0.3115195187165775,0.3118990858520043,0.5309993745983532
graph_07_mu_0_2_node_366,37,0.27899159663865547,0.003071216980599774,0.3953304313415117,2.5295295295295297,0.027903701933051858,22.05,14.95,1.4760546620046617,0.4040540540540539,0.5381521543990574,0.015394362041938874,0.2532056341957651,0.2537748789662117,0.7552394150928692
graph_07_mu_0_2_node_367,27,0.3333333333333333,0.0015637568226372406,0.38100686498855835,2.6246246246246248,0.016009436043777213,19.018,7.982,2.3838392857142856,0.29562962962962963,0.30006958173296255,0.008204769391129647,0.17346450046253464,0.17376843824970736,0.7135379122190657
graph_07_mu_0_2_node_368,15,0.23809523809523808,0.0006650673116677304,0.35755189692197564,2.7967967967967966,0.006797645339776053,8.027,6.973,1.1539999999999995,0.4648666666666667,0.31929367999647085,0.007138028295497357,0.3029185618729097,0.30318386706787875,0.36560325568614666
graph_07_mu_0_2_node_369,23,0.18972332015810275,0.0023032271547888377,0.3792710706150342,2.6366366366366365,0.012624167563652,13.016,9.984,1.3046000000000002,0.43408695652173923,0.5380155269603867,0.010183886678165777,0.2772586457425167,0.27763861274750323,0.6988945983212411
graph_07_mu_0_2_node_370,17,0.4666666666666667,0.0005741106551471767,0.3566583363084613,2.803803803803804,0.0058814333242776596,13.011,3.989,3.2655833333333333,0.23464705882352946,0.21959684382950279,0.0040818572649068035,0.1329311827956989,0.13308302915157966,0.6596807678217621
graph_07_mu_0_2_node_371,18,0.17647058823529413,0.0013102031004288807,0.3729003359462486,2.6816816816816815,0.013027215254602107,8.083,9.917,0.8186214285714286,0.5509444444444443,0.6258390589851928,0.010099118245358177,0.3805051155740812,0.38088239154384157,0.5033733421970371
graph_07_mu_0_2_node_372,39,0.36486486486486486,0.002846250058840971,0.39800796812749006,2.5125125125125125,0.029440870149820036,27.03,11.97,2.2596318181818185,0.3069230769230768,0.4306951043384165,0.012326222833032422,0.1812957538510655,0.18175175517488357,0.9345515523475063
graph_07_mu_0_2_node_373,39,0.36186186186186187,0.0024745737910734245,0.40056134723336007,2.4964964964964964,0.038387030332626276,29.041,9.959,2.918679761904761,0.25535897435897437,0.2541080262700721,0.010378140643461254,0.14638101756317956,0.14676049631482907,0.7140199749822516
graph_07_mu_0_2_node_374,27,0.24333333333333335,0.0017423078846493525,0.38188073394495414,2.6186186186186187,0.014486656639791026,18.025,8.975,2.0094821428571428,0.3324074074074073,0.36098284080523835,0.00921341382539604,0.1993489361702128,0.19969064653070837,0.6833591500799293
graph_07_mu_0_2_node_375,39,0.35585585585585583,0.00301219417230372,0.3986432561851556,2.5085085085085086,0.02695897188328857,28.018,10.982,2.551915151515152,0.28158974358974354,0.3570147534510664,0.011337120082614043,0.1638714356605718,0.1642898461588285,0.8774449367202258
graph_07_mu_0_2_node_376,14,0.25274725274725274,0.0007156300074742037,0.352629721143664,2.835835835835836,0.007613287083184749,9.05,4.95,1.8512166666666672,0.3535714285714284,0.30807377989818074,0.005057538292302741,0.21506000000000006,0.2152483638013846,0.5554673228718697
graph_07_mu_0_2_node_377,19,0.3216374269005848,0.0012187802317927547,0.3690432212781677,2.70970970970971,0.009842134095919124,12.008,6.992,1.7180857142857144,0.3679999999999999,0.31677189676217654,0.007164417320606635,0.22550232160312797,0.22576843027117258,0.5433659372731323
graph_07_mu_0_2_node_378,31,0.37438423645320196,0.001973758135500444,0.37984790874524715,2.6326326326326326,0.02197650124385597,21.04,9.96,2.115192460317461,0.3212903225806451,0.358593073331228,0.010256038484443113,0.1914192782409764,0.19179856376783375,0.7192332345787107
graph_07_mu_0_2_node_379,19,0.38596491228070173,0.0008372508373946377,0.3634048744998181,2.7517517517517516,0.009846362340956611,14.008,4.992,2.8075999999999994,0.2627368421052631,0.1814781788585738,0.00513749958858949,0.15124420677361855,0.15143424079299178,0.5084892345871825
graph_07_mu_0_2_node_380,25,0.3952569169960474,0.001037928223314952,0.37755102040816324,2.6486486486486487,0.024050722348715282,18.006,6.994,2.575476190476191,0.2797600000000002,0.17824748791508976,0.00728894208947843,0.16263448437867042,0.16290079072813593,0.4332017760337464
graph_07_mu_0_2_node_381,27,0.22666666666666666,0.0019571499372675705,0.374578177727784,2.66966966966967,0.011512095529201995,17.026,9.974,1.708828571428571,0.3694074074074074,0.40119015830423294,0.01023895379472472,0.22657756286266914,0.22695726531388316,0.6431518325809348
graph_07_mu_0_2_node_382,23,0.21904761904761905,0.0014680961987052423,0.3702742772424018,2.700700700700701,0.009552236800528729,15.008,7.992,1.878422619047619,0.34747826086956507,0.3212267541286134,0.008204502354943482,0.2102795546558704,0.2105837802427601,0.5624472381588361
graph_07_mu_0_2_node_383,23,0.22857142857142856,0.0015221579020060483,0.369179600886918,2.7087087087087087,0.009164058691566092,13.094,9.906,1.3250718253968257,0.4306956521739131,0.5474969896632065,0.010134745716113213,0.2745604734288944,0.27493747498736565,0.6615097263572827
graph_07_mu_0_2_node_384,26,0.31521739130434784,0.001631550238642946,0.37151357381926364,2.6916916916916915,0.011519937699300653,18.023,7.977,2.261854761904762,0.3068076923076922,0.38538474733500344,0.008154310782083531,0.18122206150309755,0.18152578587082452,0.8203980400273344
graph_07_mu_0_2_node_385,27,0.21333333333333335,0.0020537167950802834,0.38100686498855835,2.6246246246246248,0.018327386352272063,16.066,10.934,1.4742431818181818,0.4049629629629629,0.5667439321999739,0.011179298511812196,0.2540009651622392,0.2544171679093421,0.7753044639296438
graph_07_mu_0_2_node_386,40,0.33428165007112376,0.0028775869758497093,0.3943939992104224,2.5355355355355353,0.02982319704885731,28.011,11.989,2.3369292929292933,0.2997249999999999,0.389646879580655,0.012376832572229258,0.1762849629747796,0.1767417220771003,0.8772985919109346
graph_07_mu_0_2_node_387,19,0.19298245614035087,0.001522648692848261,0.37,2.7027027027027026,0.008574036523877695,10.006,8.994,1.112958333333333,0.47336842105263166,0.5457567100927915,0.009157279562918948,0.31010291777188337,0.3104451423490218,0.6059063345593286
graph_07_mu_0_2_node_388,20,0.22875816993464052,0.0011112658203312558,0.36419978126139263,2.745745745745746,0.010266097139612384,12.022,7.978,1.5083658008658007,0.3989000000000001,0.4849109088652456,0.008121868018217345,0.24918456881185075,0.24948819249840387,0.6668691848489237
graph_07_mu_0_2_node_389,31,0.3054187192118227,0.0022244865685354318,0.38393543428132204,2.6046046046046047,0.015038685155571444,21.009,9.991,2.103186111111112,0.3222903225806451,0.3630665920517222,0.010282546302778372,0.19210605816266202,0.19248652309131284,0.7265531963493834
graph_07_mu_0_2_node_390,37,0.373109243697479,0.0023217906792992117,0.39377217185652347,2.5395395395395397,0.02941454484294917,27.007,9.993,2.7030833333333337,0.27008108108108103,0.3247550083238201,0.010316313321892782,0.15612655885780885,0.15650727383588572,0.8447331192068781
graph_07_mu_0_2_node_391,27,0.33903133903133903,0.0017008767070046118,0.3779795686719637,2.645645645645646,0.02226801953617317,18.111,8.889,2.0543,0.3292222222222222,0.4057646322953709,0.00910339481581219,0.19721293917196855,0.19755137734475273,0.8165485049012252
graph_07_mu_0_2_node_392,34,0.4028520499108734,0.001797701419241815,0.38334612432847276,2.6086086086086087,0.027064751533580633,24.065,9.935,2.430923809523809,0.29220588235294115,0.3583279025533636,0.010228662729726803,0.17115916144053123,0.1715375820178387,0.8628864588232324
graph_07_mu_0_2_node_393,22,0.3,0.0013309257434069128,0.3682270549207519,2.715715715715716,0.009743617862780043,15.009,6.991,2.1475714285714282,0.3177727272727273,0.402934521637634,0.007119965701967179,0.1889075391180654,0.18917367053409462,0.8063165986349372
graph_07_mu_0_2_node_394,24,0.2683982683982684,0.001615294967951225,0.3713754646840149,2.6926926926926926,0.011530648421950894,16.059,7.941,2.0261428571428572,0.330875,0.41196655019835815,0.008118841329751152,0.19828153310104535,0.19858384183423158,0.775230107916304
graph_07_mu_0_2_node_395,19,0.28654970760233917,0.0012483344505831628,0.36486486486486486,2.740740740740741,0.0073539044434372735,12.023,6.977,1.7246904761904762,0.3672105263157894,0.4708210971405043,0.0070975584359355024,0.22492540322580634,0.22519094140880247,0.8081994521609629
graph_07_mu_0_2_node_396,21,0.23976608187134502,0.0012959045710987033,0.3723443906075289,2.685685685685686,0.014708875277283987,13.023,7.977,1.635075,0.37985714285714295,0.42841259823401234,0.00813933490551466,0.23450376258611555,0.234807371320022,0.643489289494304
graph_07_mu_0_2_node_397,25,0.22333333333333333,0.0017805970551326182,0.3791271347248577,2.6376376376376376,0.015788877385197325,15.044,9.956,1.515079365079365,0.39824000000000004,0.4627842576454701,0.010183155283136,0.24870958593306863,0.2490885459288195,0.6958050639784534
graph_07_mu_0_2_node_398,26,0.3442028985507246,0.0013993767830726585,0.37429748969651555,2.6716716716716715,0.013274225592680705,19.017,6.983,2.7248095238095242,0.26857692307692305,0.316665763010842,0.007154617412301061,0.1551285024154589,0.1553944104788834,0.8151541329372566
graph_07_mu_0_2_node_399,17,0.23809523809523808,0.00087761744047331,0.35691318327974275,2.8018018018018016,0.007306160341951705,11.047,5.953,1.8632722222222218,0.3501764705882352,0.36818585688178695,0.006083656728432225,0.2124104105090312,0.21263696784935435,0.6157535213406744
graph_07_mu_0_2_node_400,30,0.2367816091954023,0.00225356386673538,0.38467462456680784,2.5995995995995997,0.01646937467726249,20.024,9.976,2.008416666666667,0.3325333333333333,0.30701259371681483,0.010315734553465107,0.1994398190045249,0.19981968434363961,0.6152721458855501
graph_07_mu_0_2_node_401,14,0.07692307692307693,0.0008605345482526796,0.3644655235315578,2.7437437437437437,0.010835788909418225,5.07,8.93,0.5710398989898989,0.6378571428571429,0.5703908825991996,0.009118364175688285,0.4687902367326517,0.46912989881085604,0.31725623337404885
graph_07_mu_0_2_node_402,22,0.33157894736842103,0.001146811085059857,0.3626134301270417,2.7577577577577577,0.007008782133826496,16.005,5.995,2.6742256410256404,0.2724999999999999,0.3234861125408179,0.006115153848026746,0.15780289060119285,0.15803113228289842,0.8066713194912397
graph_07_mu_0_2_node_403,20,0.24836601307189543,0.0010863356135562803,0.36580007323324787,2.7337337337337337,0.009536878125115878,13.032,6.968,1.8770000000000004,0.3484,0.42442111276787436,0.0070926786982587935,0.2110552584670231,0.2113204742549453,0.7273589809462949
graph_07_mu_0_2_node_404,36,0.3582887700534759,0.00198799650547086,0.3878105590062112,2.5785785785785786,0.028096476194132868,28.009,7.991,3.506,0.2219722222222223,0.2166398740437679,0.00830219672429224,0.12484475524475525,0.12514924415551495,0.7318255735746181
graph_07_mu_0_2_node_405,48,0.39516908212560387,0.0029287991639637234,0.41263940520446096,2.4234234234234235,0.1242328530699983,36.029,11.971,3.011054545454545,0.24939583333333332,0.26308650970621045,0.012568489605546549,0.14246941567324603,0.14292576802483503,0.7686628078746712
graph_07_mu_0_2_node_406,26,0.5015384615384615,0.0007434353938882479,0.375,2.6666666666666665,0.03002881438169958,22.003,3.997,5.5065,0.15373076923076917,0.08610188070255455,0.004196041952739746,0.08326700680272107,0.08341926190818391,0.4738274170347817
graph_07_mu_0_2_node_407,20,0.22105263157894736,0.001369559945493072,0.3740172220142269,2.6736736736736737,0.013062004764194116,11.036,8.964,1.2328571428571424,0.44820000000000015,0.48168212215286116,0.009146291297403172,0.2888905180840665,0.2892316281360629,0.5900891667165424
graph_07_mu_0_2_node_408,27,0.2633333333333333,0.002398496264657477,0.3837879369957741,2.6056056056056054,0.01401548052585708,16.07,10.93,1.4727840909090908,0.4048148148148148,0.603299734713989,0.011182577361586699,0.2538400864050005,0.2542561373969568,0.8255263842193163
graph_07_mu_0_2_node_409,25,0.32666666666666666,0.0013821450286572957,0.37303958177744584,2.680680680680681,0.012917569829382016,18.013,6.987,2.579166666666667,0.2794800000000001,0.2540194080526614,0.007190638086568054,0.16244714587737846,0.16271318589226216,0.653900834626809
graph_07_mu_0_2_node_410,21,0.22857142857142856,0.0017950577527729155,0.3724832214765101,2.684684684684685,0.009217100798867305,12.009,8.991,1.3359583333333331,0.42814285714285716,0.5180814807306208,0.009157050620237268,0.27239037433155067,0.27273253699171196,0.6911696395419499
graph_07_mu_0_2_node_411,23,0.3380952380952381,0.0011416106335016263,0.36700955180014694,2.724724724724725,0.011287732084591136,17.002,5.998,2.8348666666666666,0.2607826086956521,0.26973484339907217,0.006136803264468896,0.14994390243902436,0.15017227592144813,0.7194406009160446
graph_07_mu_0_2_node_412,25,0.4066666666666667,0.001192376089078453,0.3794151158374478,2.635635635635636,0.023966816791196742,17.042,7.958,2.143898809523809,0.31832,0.22266789811713034,0.008262489211874295,0.1893146582100071,0.18961763671282694,0.47557547413550644
graph_07_mu_0_2_node_413,15,0.2761904761904762,0.0007878103517536416,0.35551601423487544,2.8128128128128127,0.006806385740781703,9.04,5.96,1.5245,0.3973333333333334,0.3756472679872315,0.00606983263513272,0.2480606837606838,0.2482874729228522,0.5652021875385638
graph_07_mu_0_2_node_414,21,0.3216374269005848,0.0013138639090189688,0.3672794117647059,2.7227227227227226,0.007989970889832183,14.012,6.988,2.006,0.3327619047619047,0.398107687309146,0.007120402388118864,0.19960000000000003,0.19986599703943253,0.7400993727118482
graph_07_mu_0_2_node_415,23,0.19047619047619047,0.0013141352538924807,0.3759879563417388,2.65965965965966,0.015532276054717157,14.021,8.979,1.5630396825396828,0.3903913043478261,0.3506877358432819,0.009222196784280818,0.24256948426158959,0.2429112426203451,0.507247283391359
graph_07_mu_0_2_node_416,27,0.4843304843304843,0.001231634700837321,0.37471867966991745,2.6686686686686687,0.01841378363301251,21.009,5.991,3.5080999999999998,0.22188888888888897,0.21538081177805804,0.006169801995554436,0.12479336734693879,0.125021543959609,0.7544784155369573
graph_07_mu_0_2_node_417,52,0.29714285714285715,0.004773309312343542,0.4104354971240756,2.4364364364364364,0.047139478258551006,39.094,12.906,3.03139393939394,0.24819230769230768,0.27842602894669904,0.013547451906049625,0.141689708141321,0.142181801358753,0.819920745508057
graph_07_mu_0_2_node_418,25,0.21739130434782608,0.002036949141780163,0.3799923925446938,2.6316316316316315,0.01541661540774376,13.139,11.861,1.1131881313131315,0.4744400000000002,0.7773765941351617,0.012090520073195216,0.3112444161529528,0.31169578820299754,0.7820756320368315
graph_07_mu_0_2_node_419,31,0.2733990147783251,0.00231307590150824,0.3830521472392638,2.6106106106106104,0.016705833043467507,21.021,9.979,2.107959126984128,0.3219032258064516,0.3896185832401566,0.010249781532714913,0.1918418886494359,0.19222189701835243,0.7802928066252633
graph_07_mu_0_2_node_420,34,0.34581105169340465,0.0021535867307637606,0.391304347826087,2.5555555555555554,0.031486876768733234,24.038,9.962,2.4145444444444437,0.293,0.2541712415695898,0.010381270241600113,0.171660003896357,0.17203945230907564,0.6116742359979689
graph_07_mu_0_2_node_421,20,0.21052631578947367,0.0014492263666724364,0.3712374581939799,2.6936936936936937,0.008434118211153842,11.031,8.969,1.2313400488400483,0.4484500000000001,0.5454294286383106,0.009130563022239463,0.28910489301618336,0.2894461931343988,0.6667474756497991
graph_07_mu_0_2_node_422,21,0.42857142857142855,0.0007784741104817159,0.36300872093023256,2.754754754754755,0.014060924964292119,16.072,4.928,3.296250000000001,0.2346666666666667,0.2250503939973961,0.005046832438145728,0.13302713097713098,0.13321475810464986,0.7252622072764564
graph_07_mu_0_2_node_423,21,0.2714285714285714,0.0010525065769278466,0.3774083868530412,2.6496496496496498,0.020266771732901517,14.014,6.986,2.007,0.3326666666666666,0.15054474112690633,0.007333686679637634,0.19953333333333337,0.19979925429536066,0.30170350029133625
graph_07_mu_0_2_node_424,36,0.25396825396825395,0.003651031349493647,0.4004008016032064,2.4974974974974975,0.029957362792433887,21.016,14.984,1.4027428571428568,0.41622222222222227,0.4870045973640724,0.015468755851399937,0.2628094373865698,0.2633799314123953,0.6824351182813796
graph_07_mu_0_2_node_425,26,0.42153846153846153,0.001000658828615232,0.3778366111951589,2.6466466466466465,0.026585025458568348,21.011,4.989,4.2143000000000015,0.19188461538461543,0.10750442559176207,0.005237350057129474,0.10612943262411349,0.10631945376401784,0.4523886801707513
graph_07_mu_0_2_node_426,39,0.3792172739541161,0.0025081205441731713,0.4008828250401284,2.4944944944944947,0.06317270097473764,28.044,10.956,2.5621083333333337,0.2809230769230769,0.2561761837477134,0.011463199527603798,0.16343224196881864,0.16384966290561456,0.6541883491919817
graph_07_mu_0_2_node_427,18,0.3660130718954248,0.0007093670996050865,0.3614327062228654,2.7667667667667666,0.008856509526345938,13.033,4.967,2.6423000000000005,0.2759444444444444,0.22789815290876886,0.005083651622055888,0.16013194324650679,0.16032101145727773,0.5942797456796907
graph_07_mu_0_2_node_428,21,0.3476190476190476,0.0014554049414607756,0.3710995542347697,2.694694694694695,0.009455518948123066,14.016,6.984,2.008,0.3325714285714286,0.398012216841855,0.007116098842186111,0.1994666666666667,0.19973251155128885,0.796878483056523
graph_07_mu_0_2_node_429,20,0.2222222222222222,0.0009653926270189794,0.3607800650054171,2.7717717717717716,0.0087444380911787,13.009,6.991,1.8639194139194142,0.34954999999999997,0.3771744658696263,0.007130947264794322,0.21186599892482239,0.2121320895972301,0.6453489250165211
graph_07_mu_0_2_node_430,29,0.37192118226600984,0.001416199579299894,0.391304347826087,2.5555555555555554,0.028941102482838744,20.016,8.984,2.229472222222222,0.30979310344827593,0.22906675969004786,0.009362505711381924,0.1833011924769908,0.18364329723407855,0.5097677675814622
graph_07_mu_0_2_node_431,17,0.22058823529411764,0.00093356535820205,0.36221899927483686,2.760760760760761,0.008290196464849757,10.009,6.991,1.4322142857142852,0.4112352941176472,0.3195524360709414,0.007157393942398294,0.25885449735449734,0.2591205274989215,0.4568628877512167
graph_07_mu_0_2_node_432,26,0.20615384615384616,0.002270224389409411,0.3882627283326856,2.5755755755755754,0.015459566696600714,13.057,12.943,1.0099939393939394,0.49780769230769234,0.6577952999999529,0.013220275220091029,0.3314592334494773,0.3319517588288702,0.6597484205730975
graph_07_mu_0_2_node_433,19,0.3157894736842105,0.0008924721490423856,0.3639344262295082,2.7477477477477477,0.010085092209365354,13.009,5.991,2.1723666666666674,0.31531578947368427,0.1843247215353844,0.006195075841235941,0.18717613636363636,0.18740417401357304,0.39971356149227427
graph_07_mu_0_2_node_434,15,0.20952380952380953,0.0010016452170915648,0.3592233009708738,2.7837837837837838,0.005117368090336423,8.021,6.979,1.1510957792207792,0.4652666666666668,0.46238401248632544,0.007110708211411899,0.30326867068857916,0.3035342039943364,0.5283404850918878
graph_07_mu_0_2_node_435,17,0.2761904761904762,0.0005878511390551611,0.35375354107648727,2.8268268268268266,0.0054938432237358545,12.029,4.971,2.425216666666666,0.2924117647058823,0.2573169101492431,0.005083262567768549,0.17128298109010015,0.17147218723400193,0.5685590259305215
graph_07_mu_0_2_node_436,16,0.5583333333333333,0.0002877411187299371,0.36,2.7777777777777777,0.01703858310355562,13.004,2.996,4.344000000000001,0.18725,0.0763629139089221,0.003122332245085941,0.10330114942528737,0.10341520024236184,0.33120168463895294
graph_07_mu_0_2_node_437,33,0.3731060606060606,0.0021150882690270456,0.38393543428132204,2.6046046046046047,0.018678395049651703,23.039,9.961,2.3148500000000003,0.30184848484848487,0.40218344409251805,0.01022438514607531,0.17776931553020478,0.17814869695691432,0.9270817567359296
graph_07_mu_0_2_node_438,26,0.25,0.0014521311633358491,0.3791271347248577,2.6376376376376376,0.01616633797900806,17.034,8.966,1.9023015873015874,0.3448461538461538,0.410427950038078,0.009178655621455192,0.2083813013859525,0.2087226433191085,0.7314857980014495
graph_07_mu_0_2_node_439,17,0.3523809523809524,0.0006540288901317105,0.35896514552641035,2.785785785785786,0.0073567833143885625,13.007,3.993,3.264638888888889,0.2348823529411765,0.2154224503256067,0.0040728630101551175,0.13312129032258066,0.1332732887609367,0.6452498788416753
graph_07_mu_0_2_node_440,24,0.21645021645021645,0.0017964250849310229,0.3754227733934611,2.6636636636636637,0.011139447338671357,14.024,9.976,1.4064666666666665,0.41566666666666674,0.5355226357817117,0.010179529870628022,0.26238218623481785,0.2627618781141587,0.697164535105852
graph_07_mu_0_2_node_441,16,0.19166666666666668,0.0011594558836883733,0.3635371179039301,2.750750750750751,0.006977593938216654,8.027,7.973,1.0077142857142856,0.4983125,0.5380342381204871,0.008110832311153024,0.33189333333333326,0.33219667458940244,0.5389228681800966
graph_07_mu_0_2_node_442,16,0.2,0.0012024273507097191,0.36380189366351057,2.7487487487487487,0.010011677121653005,8.049,7.951,1.0204761904761905,0.4969375,0.5280248104112802,0.008099768199128825,0.33097396825396824,0.3312764726382692,0.5288465985546495
graph_07_mu_0_2_node_443,36,0.24285714285714285,0.003205705345488909,0.40056134723336007,2.4964964964964964,0.03825820418992551,23.098,12.902,1.7918881118881125,0.3583888888888888,0.27837525655873596,0.013543086781358902,0.21834642956376768,0.21883777097589513,0.4955384989132848
graph_07_mu_0_2_node_444,17,0.29411764705882354,0.0009951541003383974,0.3583213773314204,2.790790790790791,0.006084202119536746,11.011,5.989,1.843095454545454,0.3522941176470587,0.32316189977250703,0.006108952644131415,0.21389927893196262,0.214127205605013,0.5916971469374268
graph_07_mu_0_2_node_445,19,0.3567251461988304,0.0010507102158361446,0.36863468634686347,2.7127127127127126,0.01097998031294293,12.052,6.948,1.7412476190476194,0.3656842105263157,0.45398797103489497,0.007083627916885083,0.2238586265884652,0.22412306165185408,0.780292296817687
graph_07_mu_0_2_node_446,18,0.39869281045751637,0.0004969285085389761,0.3570407433881344,2.800800800800801,0.008773257055372883,15.004,2.996,5.024,0.1664444444444444,0.0921693891336611,0.003098096691622383,0.09078441558441556,0.09089848375334711,0.46125246524025715
graph_07_mu_0_2_node_447,15,0.12380952380952381,0.0010724810037130285,0.36433260393873085,2.744744744744745,0.007870982995937446,7.099,7.901,0.901875,0.5267333333333334,0.49184822145433804,0.008072352495479182,0.35779361942405413,0.35809420064448155,0.4332207324101996
graph_07_mu_0_2_node_448,31,0.2924731182795699,0.002291767847398419,0.3908450704225352,2.5585585585585586,0.021530751250883245,19.02,11.98,1.5881868686868683,0.3864516129032257,0.48316613489885146,0.012297528335966671,0.23951647798742148,0.2399725818648958,0.765869539269715
graph_07_mu_0_2_node_449,20,0.18421052631578946,0.0016531194400578968,0.3729003359462486,2.6816816816816815,0.011722621589734614,11.016,8.984,1.227579365079365,0.4492000000000001,0.4842558582852932,0.00916372974552183,0.2897337205804948,0.2900755909059158,0.5913402504960547
graph_07_mu_0_2_node_450,41,0.33063427800269907,0.0034845771444327357,0.40298507462686567,2.4814814814814814,0.03726521433330511,27.043,13.957,1.9390398767898764,0.3404146341463415,0.5023568926490881,0.014371884297465993,0.20514078434803196,0.20567244133883572,0.9347448512308304
graph_07_mu_0_2_node_451,27,0.27635327635327633,0.0020653732107237064,0.38144329896907214,2.6216216216216215,0.014142441033358356,17.019,9.981,1.7059249999999995,0.36966666666666664,0.4429226554778063,0.010221058068917125,0.22675810276679834,0.22713807150621526,0.7537481721832824
graph_07_mu_0_2_node_452,49,0.22664199814986125,0.0047752681597491445,0.4258312020460358,2.3483483483483485,0.06426778613581062,33.072,15.928,2.0775634615384617,0.3250612244897959,0.30774227840068613,0.016820893500578915,0.19408930874142194,0.19469627927493854,0.6182967470051371
graph_07_mu_0_2_node_453,31,0.28817204301075267,0.002592694068408048,0.38660990712074306,2.5865865865865865,0.01813677891200058,20.006,10.994,1.8198727272727264,0.3546451612903226,0.4129179218410672,0.011301483696828624,0.21554600301659133,0.21596461501272776,0.7509837611805994
graph_07_mu_0_2_node_454,31,0.35268817204301073,0.0017407309105401487,0.3875096974398759,2.5805805805805804,0.043428937818440996,23.026,7.974,2.8904261904761905,0.2572258064516128,0.15401070520231194,0.008421290692477861,0.147609075719602,0.1479128016149741,0.44377344241672473
graph_07_mu_0_2_node_455,27,0.4166666666666667,0.0012242625429211606,0.3779795686719637,2.645645645645646,0.018371332297901423,20.03,6.97,2.8784857142857136,0.258148148148148,0.2815073281348331,0.007154052032036177,0.1482259009986974,0.14849133451633395,0.7660913123350219
graph_07_mu_0_2_node_456,19,0.672514619883041,0.00024345338981975143,0.36660550458715596,2.7277277277277276,0.021597062247803177,17.0,2.0,8.5,0.10526315789473682,0.050954105329069674,0.0020843903979414053,0.05555555555555557,0.05563171701785563,0.4331098952970923
graph_07_mu_0_2_node_457,40,0.32147937411095306,0.00283157796903399,0.40120481927710844,2.4924924924924925,0.034666684527534956,29.02,10.98,2.6437979797979794,0.27449999999999997,0.3254219408659537,0.011370305543511072,0.159089960050156,0.15950832630686387,0.8294578001038969
graph_07_mu_0_2_node_458,17,0.25,0.0010542385876301443,0.36419978126139263,2.745745745745746,0.00766520378042313,10.01,6.99,1.4327809523809518,0.41117647058823537,0.4503021628435157,0.007107531995594529,0.258812625433315,0.25907861754192435,0.643720496061946
graph_07_mu_0_2_node_459,17,0.13970588235294118,0.0012826491980428996,0.37712344280860705,2.6516516516516515,0.012682337765828968,7.023,9.977,0.7043916666666664,0.5868823529411763,0.643158599024933,0.010144389325012618,0.41536769230769244,0.4157472199780205,0.4506931129902099
graph_07_mu_0_2_node_460,33,0.2645161290322581,0.0020417607750187103,0.398961661341853,2.5065065065065064,0.0456971633866458,22.027,10.973,2.0081666666666664,0.33251515151515143,0.2119054290797701,0.0115885663219802,0.19942218045112786,0.19984005739319743,0.4054539211907789
graph_07_mu_0_2_node_461,36,0.30317460317460315,0.0021254996356814947,0.40024038461538464,2.4984984984984986,0.050010630019660725,27.025,8.975,3.0125,0.24930555555555553,0.17332224181600894,0.009478490196522237,0.14241071428571422,0.14275265899796205,0.5212070272383585
graph_07_mu_0_2_node_462,18,0.1503267973856209,0.0012583699397485267,0.3706864564007421,2.6976976976976976,0.00885833600438401,9.025,8.975,1.0067774725274725,0.4986111111111111,0.47331020858888617,0.009168083981255643,0.3321908331548511,0.3325323093978629,0.4731295075108835
graph_07_mu_0_2_node_463,20,0.28104575163398693,0.0009585215671886133,0.3652650822669104,2.7377377377377377,0.008227045527305979,14.003,5.997,2.3353333333333337,0.2998499999999999,0.2780332662495707,0.006134966404067446,0.17636974789915963,0.1765980311771641,0.6025813361333291
graph_07_mu_0_2_node_464,31,0.3275862068965517,0.002038720573659713,0.3830521472392638,2.6106106106106104,0.018088700290282412,22.007,8.993,2.4475813492063483,0.2900967741935484,0.33780103291181923,0.009244461405950076,0.16966046629820222,0.17000296567629822,0.7886518815863521
graph_07_mu_0_2_node_465,28,0.30158730158730157,0.0020025874532122357,0.384526558891455,2.6006006006006004,0.015702926826555993,18.029,9.971,1.8091777777777782,0.35610714285714273,0.3749036333779496,0.010249253015115183,0.21664230650632135,0.21702192385792826,0.6763527581938995
graph_07_mu_0_2_node_466,16,0.26666666666666666,0.0009742917674725826,0.36208771293947084,2.7617617617617616,0.007511736642461377,9.024,6.976,1.2961904761904763,0.436,0.48293587849815156,0.0070870975868214834,0.27884724460724475,0.27911268407354917,0.6217856021450479
graph_07_mu_0_2_node_467,48,0.2641843971631206,0.004230354890855102,0.42169691853102576,2.3713713713713713,0.06782331666391514,31.058,16.942,1.83407382029735,0.3529583333333334,0.32726425340410725,0.017891878550263016,0.21431329351573208,0.21495878074635727,0.5986542484038581
graph_07_mu_0_2_node_468,33,0.27956989247311825,0.0023637743685278054,0.38766006984866125,2.5795795795795797,0.020431357848173414,22.014,10.986,2.0043333333333333,0.3329090909090909,0.39933594712208426,0.01130628520957127,0.19970150375939852,0.20011987519546898,0.7629251605057621
graph_07_mu_0_2_node_469,21,0.42105263157894735,0.0006626608422555847,0.37013708781030014,2.7017017017017015,0.016113819904683895,16.003,4.997,3.2031500000000004,0.23795238095238097,0.14800887367359764,0.005174935037628143,0.1350455192034139,0.13523577244425916,0.4442371473365822
graph_07_mu_0_2_node_470,28,0.2777777777777778,0.0019694886460751627,0.38482280431432975,2.5985985985985987,0.0218114236682187,18.015,9.985,1.8046666666666673,0.3566071428571428,0.2707508409013864,0.01037366537554469,0.21700277520814065,0.21738292503761356,0.48791759398879453
graph_07_mu_0_2_node_471,24,0.2510822510822511,0.0011621577638421432,0.37528174305033807,2.664664664664665,0.014767185803043583,15.012,8.988,1.6710952380952384,0.3745,0.32673719494285913,0.009249861893537539,0.23040589654248197,0.2307480232240282,0.5086379761646551
graph_07_mu_0_2_node_472,40,0.28733997155049784,0.0026292829192360446,0.4054383116883117,2.4664664664664664,0.056034795143197834,30.045,9.955,3.0201111111111114,0.248875,0.19232341933910463,0.010513218317961596,0.14213324390789175,0.14251259937152486,0.560083288803127
graph_07_mu_0_2_node_473,17,0.125,0.0012214387291151453,0.37303958177744584,2.680680680680681,0.011393130046133024,8.021,8.979,0.8940833333333336,0.5281764705882354,0.48396149515697356,0.009158682849026576,0.35893006993006993,0.3592716722815533,0.43012492575860917
graph_07_mu_0_2_node_474,19,0.15204678362573099,0.0016269409977422821,0.37612951807228917,2.6586586586586587,0.00963548262906523,9.014,9.986,0.9030083333333336,0.525578947368421,0.6432802050789169,0.010154005664604284,0.35649080459770105,0.3568707320879964,0.5794169724920156
graph_07_mu_0_2_node_475,30,0.32413793103448274,0.001595591896802589,0.3920722135007849,2.5505505505505504,0.042982959007644726,22.044,7.956,2.7748214285714283,0.2652,0.15376595975669408,0.008401720777877908,0.1528938880825673,0.15319690581555248,0.42490342080174537
graph_07_mu_0_2_node_476,44,0.25792811839323465,0.004300720304938044,0.40775510204081633,2.4524524524524525,0.033463944717451864,28.035,15.965,1.7565536630036631,0.3628409090909091,0.4732240045611521,0.0165324352202886,0.22163846970257936,0.22224661608613616,0.8296229434156295
graph_07_mu_0_2_node_477,36,0.353968253968254,0.002511465084554129,0.39423835832675613,2.5365365365365364,0.0859687035718649,24.044,11.956,2.0122181818181817,0.332111111111111,0.2627864086663011,0.012553021793090547,0.19913696456901112,0.19959232922451195,0.5272543053273773
graph_07_mu_0_2_node_478,24,0.29347826086956524,0.0016019669059806846,0.3801369863013699,2.630630630630631,0.013794774568555901,15.019,8.981,1.6730000000000005,0.37420833333333337,0.28284843137402665,0.009280074829433218,0.23018461538461543,0.23052647589085892,0.4724238746525543
graph_07_mu_0_2_node_479,24,0.3804347826086957,0.0012484510613874774,0.37429748969651555,2.6716716716716715,0.014250064818148849,17.003,6.997,2.430285714285714,0.2915416666666667,0.22023456087590806,0.0072302386157094955,0.17064808362369338,0.17091448385427413,0.5350049582654268
graph_07_mu_0_2_node_480,25,0.17666666666666667,0.0021140241529971375,0.3774083868530412,2.6496496496496498,0.010880702390078578,14.018,10.982,1.2768686868686872,0.4392800000000002,0.5094613325258525,0.011234266403057344,0.28147592245153213,0.2818938870690795,0.6490831076683541
graph_07_mu_0_2_node_481,21,0.29523809523809524,0.001144685443783791,0.3726221559119731,2.6836836836836837,0.014186436858757373,13.005,7.995,1.626875,0.3807142857142858,0.251673332687742,0.008261430588923206,0.23511764705882357,0.23542194042857315,0.4091535714491523
graph_07_mu_0_2_node_482,26,0.3261538461538461,0.0014317152545424725,0.38349328214971207,2.6076076076076076,0.023821267815158885,18.002,7.998,2.2509285714285716,0.3076153846153845,0.216764719859162,0.008309609086388774,0.18176565656565657,0.18207017992840896,0.4877932192147303
graph_07_mu_0_2_node_483,35,0.3142857142857143,0.0025850967344478565,0.40428976123027116,2.4734734734734736,0.08590214071984781,22.015,12.985,1.6958362470862474,0.3710000000000001,0.28521173504534447,0.013633803902283964,0.22775544208270523,0.22824990229565623,0.4831122248553122
graph_07_mu_0_2_node_484,23,0.4031620553359684,0.0008784682707434235,0.37755102040816324,2.6486486486486487,0.026798511823763135,17.022,5.978,2.8502,0.2599130434782608,0.1289151800984846,0.006275135413264719,0.14938292682926826,0.1496105392480226,0.36630919556678426
graph_07_mu_0_2_node_485,21,0.5238095238095238,0.0004155653591287967,0.3704115684093437,2.6996996996997,0.0348222042038916,19.001,1.999,9.5105,0.09519047619047621,0.038569086376036295,0.002111345014220395,0.04997439024390245,0.050050525226926254,0.3665729872390113
graph_07_mu_0_2_node_486,18,0.35947712418300654,0.0008172585070122602,0.36314067611777534,2.7537537537537538,0.0077180891518901515,13.007,4.993,2.606300000000001,0.27738888888888885,0.22464925357440316,0.005108443204781364,0.16103629032258063,0.16122634792213175,0.5845268470568842
graph_07_mu_0_2_node_487,23,0.3675889328063241,0.00093963807314303,0.3779795686719637,2.645645645645646,0.019755667428767568,16.022,6.978,2.2977619047619045,0.30339130434782613,0.1893379944816677,0.007249265591837471,0.1788384615384615,0.17910411863967868,0.4338722107682694
graph_07_mu_0_2_node_488,27,0.3566666666666667,0.0015000814507902512,0.38028169014084506,2.6296296296296298,0.016970739311689798,18.017,8.983,2.006482142857143,0.3327037037037036,0.36228725239035625,0.009221199253704305,0.19955763182238673,0.19989964649238373,0.685311388079499
graph_07_mu_0_2_node_489,44,0.3171247357293869,0.004064550020044951,0.41195876288659794,2.4274274274274275,0.036359818766269966,31.024,12.976,2.391384615384615,0.294909090909091,0.3518434230542595,0.013481213524481379,0.17296280701754388,0.17345726393660146,0.8403754926071731
graph_07_mu_0_2_node_490,19,0.7485380116959064,0.00016449736796598854,0.36580007323324787,2.7337337337337337,0.06416131786103284,17.037,1.963,8.843,0.1033157894736842,0.043312538322177054,0.0020603669958238814,0.05450150150150152,0.05457625412903134,0.37320182807311053
graph_07_mu_0_2_node_491,24,0.2510822510822511,0.0015662047912889073,0.369179600886918,2.7087087087087087,0.009571454342807094,16.015,7.985,2.0072285714285716,0.3327083333333333,0.41267472366291147,0.00816572168388672,0.19956784701401836,0.19987182945850004,0.7745219344517507
graph_07_mu_0_2_node_492,44,0.3042973286875726,0.002966579160637259,0.4062627084180561,2.4614614614614614,0.0639139120137934,33.023,10.977,3.0098000000000003,0.24947727272727271,0.21194354690650472,0.011592909200470763,0.14252234432234429,0.1429407238981623,0.6176330800195453
graph_07_mu_0_2_node_493,27,0.24216524216524216,0.002134597436160949,0.3867595818815331,2.5855855855855854,0.017003711961749882,16.026,10.974,1.4610909090909088,0.40644444444444444,0.48716640905065733,0.011237544199076398,0.2550756871035941,0.2554934111723157,0.7095637438830494
graph_07_mu_0_2_node_494,22,0.1631578947368421,0.0013499829598149007,0.3740172220142269,2.6736736736736737,0.017290887614323784,11.075,10.925,1.017463492063492,0.4965909090909091,0.7391834736113283,0.011111994271481275,0.3304990132990132,0.3309147156864847,0.6747307220280924
graph_07_mu_0_2_node_495,25,0.5217391304347826,0.0009508251944208272,0.3694526627218935,2.7067067067067065,0.016647251532098315,20.005,4.995,4.00625,0.1998,0.17956646941641416,0.005143963571847833,0.11099033816425125,0.11118057323624592,0.6826945769115371
graph_07_mu_0_2_node_496,20,0.4444444444444444,0.0007581056231690899,0.3635371179039301,2.750750750750751,0.008742664744287188,15.054,4.946,3.0546666666666664,0.24730000000000002,0.2737359352642383,0.005059747077250159,0.14114457314457313,0.14133287117800614,0.7704062285716388
graph_07_mu_0_2_node_497,16,0.15384615384615385,0.0007081073961826894,0.3639344262295082,2.7477477477477477,0.008412795653242816,9.031,6.969,1.29808253968254,0.4355625,0.36786594198814676,0.00711840884999466,0.27849398241050427,0.27875915573320187,0.4211346622675048
graph_07_mu_0_2_node_498,19,0.3216374269005848,0.0011467734506647217,0.36580007323324787,2.7337337337337337,0.0076937048402825085,12.014,6.986,1.7206190476190477,0.3676842105263157,0.337311885492502,0.007141512720958052,0.2252701612903225,0.22553604176955985,0.5789549247947666
graph_07_mu_0_2_node_499,29,0.41595441595441596,0.0014684689035431727,0.37712344280860705,2.6516516516516515,0.01817033817592281,22.006,6.994,3.147000000000001,0.24117241379310336,0.22730057731206404,0.007220280257132174,0.1371236802413273,0.13739006775280985,0.6823012996562565
graph_07_mu_0_2_node_500,19,0.29411764705882354,0.00103834283645465,0.3712374581939799,2.6936936936936937,0.009792448218519347,12.008,6.992,1.7180857142857144,0.3679999999999999,0.33748233579145503,0.007147662436383426,0.22550232160312797,0.22576843027117258,0.5306812711094281
graph_07_mu_0_2_node_501,18,0.40522875816993464,0.0007326814653039892,0.36156351791530944,2.765765765765766,0.012674205953992691,12.13,5.87,2.0957,0.3261111111111111,0.38762391994095674,0.005980960492652144,0.19510256598240472,0.19532598310359572,0.7815334982011565
graph_07_mu_0_2_node_502,31,0.35467980295566504,0.0017620335052183306,0.3909980430528376,2.5575575575575575,0.03180426308969907,22.014,8.986,2.4505952380952376,0.2898709677419355,0.2290900346287734,0.009364673699294489,0.16950882408995618,0.16985105711618514,0.5352215453072717
graph_07_mu_0_2_node_503,24,0.38961038961038963,0.0011043899046405924,0.369179600886918,2.7087087087087087,0.009546031715353332,18.004,5.996,3.0036,0.24983333333333332,0.26969625846155104,0.006134698131644446,0.14275203865901537,0.14298035341252013,0.7644417060497076
graph_07_mu_0_2_node_504,38,0.25873015873015875,0.0035017661970802964,0.39832535885167464,2.5105105105105103,0.02393553107289988,25.026,12.974,1.9298664335664337,0.34142105263157896,0.4718135387391369,0.01335161087601776,0.20586490037740043,0.20635905514303296,0.8720508669555604
graph_07_mu_0_2_node_505,23,0.21428571428571427,0.0015456324887445489,0.3734579439252336,2.6776776776776776,0.011565596916758542,13.1,9.9,1.3288686507936511,0.4304347826086957,0.5144990728606651,0.010120687608340385,0.27441674265358473,0.2747935157975428,0.6210803392490113
graph_07_mu_0_2_node_506,35,0.3806818181818182,0.0019476970717496084,0.38917023763147646,2.5695695695695697,0.02912679903761054,26.008,8.992,2.892916666666666,0.2569142857142857,0.29225887845277626,0.009282795762594371,0.14739350138080964,0.14773606708186413,0.8122576864373275
graph_07_mu_0_2_node_507,39,0.3873144399460189,0.0026808673539370806,0.40298507462686567,2.4814814814814814,0.09822193991091639,28.06,10.94,2.5668848484848485,0.2805128205128205,0.24063865519707667,0.011485496368964069,0.1631528801007749,0.16356969223665055,0.6150209912549551
graph_07_mu_0_2_node_508,20,0.28104575163398693,0.0010626473017515,0.36419978126139263,2.745745745745746,0.009588453782135924,13.006,6.994,1.8615714285714289,0.34969999999999996,0.42478048953637904,0.007120673752452019,0.2119495798319327,0.21221578468989918,0.7269996041777902
graph_07_mu_0_2_node_509,28,0.3046153846153846,0.001830533414470048,0.38467462456680784,2.5995995995995997,0.019083028786139777,18.053,9.947,1.8167222222222226,0.3552499999999999,0.3237591245180646,0.010267992875477867,0.21602173913043485,0.21640044368394712,0.5533569711299586
graph_07_mu_0_2_node_510,48,0.3333333333333333,0.004265151072425216,0.4145228215767635,2.4124124124124124,0.04653150484436458,33.028,14.972,2.2066197802197802,0.3119166666666666,0.4185352163297352,0.015545257454588892,0.18478256502587972,0.18535312420618516,0.894209075380743
graph_07_mu_0_2_node_511,14,0.15384615384615385,0.0008879665938181805,0.3635371179039301,2.750750750750751,0.009008462997461053,5.937,8.063,0.7403616161616161,0.5759285714285713,0.5505939050890403,0.008215379256168056,0.40510458141789424,0.40541129633916356,0.3952542595836992
graph_07_mu_0_2_node_512,33,0.3428030303030303,0.002096794889872251,0.38917023763147646,2.5695695695695697,0.03350381433282899,24.008,8.992,2.6712499999999997,0.27248484848484833,0.2664104242135062,0.009311880710972262,0.15773901996370238,0.15808153342668937,0.7107608950686752
graph_07_mu_0_2_node_513,18,0.35,0.0006836641289945152,0.352629721143664,2.835835835835836,0.006782723774152524,13.021,4.979,2.6195000000000004,0.2766111111111111,0.31329691873206966,0.005071233035559498,0.16053042521994135,0.16071995014724086,0.7531814601622586
graph_07_mu_0_2_node_514,43,0.39756367663344405,0.0031803929688568717,0.40758873929008566,2.4534534534534536,0.04545263579585487,32.023,10.977,2.9184618686868684,0.25527906976744186,0.30686835608863966,0.011397215259455895,0.14632120160541215,0.14673954930867178,0.8938235138836388
graph_07_mu_0_2_node_515,21,0.24761904761904763,0.0014493275471994835,0.36660550458715596,2.7277277277277276,0.008767355790191252,13.016,7.984,1.632125,0.38019047619047625,0.4853574915649961,0.008128065433212506,0.2347823529411765,0.235086227798498,0.7873370911472479
graph_07_mu_0_2_node_516,22,0.28421052631578947,0.0013007530020717856,0.37096175269216486,2.695695695695696,0.012715658241623877,15.009,6.991,2.1475714285714282,0.3177727272727273,0.4029337000586382,0.007120002518352873,0.1889075391180654,0.18917367053409462,0.8063174202139328
graph_07_mu_0_2_node_517,19,0.3088235294117647,0.0010449399999472946,0.3578080229226361,2.794794794794795,0.0057532365426041536,13.003,5.997,2.1706106060606065,0.31563157894736843,0.36418343858234514,0.006105736728612204,0.18743414537532185,0.1876624111359397,0.7269766501994993
graph_07_mu_0_2_node_518,24,0.3333333333333333,0.0015001569394945962,0.3675496688741722,2.720720720720721,0.008911632375291797,16.032,7.968,2.014,0.332,0.43901863072658953,0.00815298339917663,0.19906620209059236,0.19936953790332307,0.8249429360221036
graph_07_mu_0_2_node_519,22,0.24242424242424243,0.0016427957081580973,0.37443778110944526,2.670670670670671,0.014012905433021009,13.042,8.958,1.4585873015873012,0.4071818181818182,0.48154450618703715,0.009139973020012999,0.25570231886021355,0.2560432526441497,0.6972102258846609
graph_07_mu_0_2_node_520,26,0.25846153846153846,0.002595011266547671,0.38261202604366146,2.6136136136136137,0.013262774366161797,15.02,10.98,1.3684686868686868,0.42230769230769233,0.6255663472532221,0.011188007573632325,0.26769154309483306,0.2681094634839554,0.8539357963058064
graph_07_mu_0_2_node_521,22,0.12554112554112554,0.0019454669217286824,0.3837879369957741,2.6056056056056054,0.015631351574436694,9.056,12.944,0.7007124542124541,0.5883636363636365,0.879574040773191,0.013169938188229967,0.41694131442343335,0.4174337278304616,0.6088405903734738
graph_07_mu_0_2_node_522,27,0.4586894586894587,0.0012226568338000374,0.3768389287061486,2.6536536536536537,0.019082093000060616,21.004,5.996,3.5045,0.22207407407407415,0.19484911415129122,0.006190045137571943,0.12491,0.12513836691912597,0.6822669814967323
graph_07_mu_0_2_node_523,30,0.4444444444444444,0.001054435010048304,0.37303958177744584,2.680680680680681,0.019147550931651682,24.009,5.991,4.009,0.19970000000000004,0.19475718891378,0.006184739487725093,0.11092929292929296,0.11115752169666229,0.747330469374838
graph_07_mu_0_2_node_524,14,0.2857142857142857,0.0006225331387756677,0.35151301900070375,2.844844844844845,0.004227088632578206,9.867,4.133,2.4726500000000002,0.2952142857142856,0.2922991528212673,0.004209544840202953,0.17509354598617757,0.17525083205737157,0.6535937465545233
graph_07_mu_0_2_node_525,38,0.465149359886202,0.001884802339095949,0.39690107270560193,2.5195195195195197,0.1031407751486185,30.058,7.942,3.7898095238095237,0.20899999999999994,0.17476002475321742,0.008337909206592258,0.11670851297040556,0.11701118240508293,0.6592939542509327
graph_07_mu_0_2_node_526,20,0.32679738562091504,0.0009226025039676467,0.3624818577648766,2.7587587587587588,0.008657335429710707,14.015,5.985,2.3436666666666666,0.2992499999999999,0.3213312142495015,0.006107007994949212,0.1759682539682539,0.17619608070360085,0.6969755790923988
graph_07_mu_0_2_node_527,23,0.18181818181818182,0.0018092332256120585,0.3836405529953917,2.6066066066066065,0.01479465011253821,11.013,11.987,0.919001515151515,0.5211739130434782,0.3773869993041336,0.012386422716160741,0.3524429505135387,0.35289904273896705,0.3463305209216941
graph_07_mu_0_2_node_528,32,0.36091954022988504,0.0019390643213143567,0.38841368584758945,2.5745745745745747,0.025800418829213866,24.011,7.989,3.006285714285714,0.24965625,0.23669017665370332,0.008273324092831448,0.1426365914786967,0.14294091148480426,0.6812911559120759
graph_07_mu_0_2_node_529,18,0.3333333333333333,0.0011550674003011302,0.3645985401459854,2.7427427427427427,0.007587096746932537,12.006,5.994,2.006,0.33299999999999996,0.36422357942161043,0.006102495823337876,0.1998379032258065,0.20006603744244458,0.726936509360234
graph_07_mu_0_2_node_530,18,0.2222222222222222,0.0010650644073105873,0.3624818577648766,2.7587587587587588,0.007672944265040129,10.035,7.965,1.2629214285714285,0.4425000000000001,0.4848047109790964,0.008107978965309825,0.28422877800730967,0.2845318610898481,0.6062417928250643
graph_07_mu_0_2_node_531,33,0.4166666666666667,0.0017808790340573632,0.38977760436987907,2.5655655655655654,0.03301365275901648,24.057,8.943,2.6955416666666663,0.2709999999999999,0.2503722038246724,0.009284684514133236,0.15676524208184534,0.15710589073702272,0.6704227056992543
graph_07_mu_0_2_node_532,37,0.20840336134453782,0.003391553807461907,0.4023358840112767,2.4854854854854853,0.02669543987560177,22.053,14.947,1.4767569597069592,0.4039729729729729,0.584063457878473,0.015351551123922797,0.25314696615248566,0.25371609682435814,0.8198302099600303
graph_07_mu_0_2_node_533,36,0.42424242424242425,0.0017393041772961022,0.3851195065535852,2.5965965965965965,0.02684532608325539,28.016,7.984,3.5110571428571427,0.22177777777777788,0.2596217096310916,0.008241960195401266,0.12472462686567164,0.12502884924483768,0.8773806365793093
graph_07_mu_0_2_node_534,27,0.3475783475783476,0.0015665918558777556,0.3755639097744361,2.6626626626626626,0.012762020180284845,20.01,6.99,2.863828571428571,0.2588888888888888,0.27279182870750923,0.0071798908380378956,0.14869778549717763,0.14896398019717333,0.7800584996274416
graph_07_mu_0_2_node_535,27,0.29333333333333333,0.001297517243754686,0.37726586102719034,2.650650650650651,0.016094696865831284,19.019,7.981,2.384482142857143,0.2955925925925926,0.24564949725924143,0.008252628370202882,0.17344056429232188,0.17374446402342078,0.553737625725307
graph_07_mu_0_2_node_536,19,0.32748538011695905,0.0009236083182647684,0.36768494663231505,2.71971971971972,0.008937769722645702,13.005,5.995,2.1701500000000005,0.31552631578947377,0.269707446926218,0.006133484699353981,0.18732219251336898,0.18755038232102633,0.5845268470568842
graph_07_mu_0_2_node_537,25,0.39920948616600793,0.0013746193453683948,0.3682270549207519,2.715715715715716,0.01076289750145729,19.012,5.988,3.176666666666666,0.2395200000000001,0.27144081871604625,0.006135340605169242,0.13606060606060597,0.13628863373978786,0.8151062813941282
graph_07_mu_0_2_node_538,28,0.3333333333333333,0.0012734183708586957,0.38886726352666406,2.5715715715715715,0.03386255220157329,19.076,8.924,2.1410000000000005,0.3187142857142857,0.19256874334370583,0.009367396175271181,0.1896058763931104,0.18994567263780254,0.4092600233040777
graph_07_mu_0_2_node_539,40,0.45519203413940257,0.0020530522372853538,0.39423835832675613,2.5365365365365364,0.1039372702824176,31.029,8.971,3.460873015873015,0.22427500000000006,0.19715650596459844,0.00941901422119295,0.1263075867687097,0.1266494834138338,0.6589759064961332
graph_07_mu_0_2_node_540,54,0.29034690799396684,0.004731372342085786,0.4267407090986758,2.3433433433433435,0.07561774276529236,39.066,14.934,2.6172186813186817,0.27655555555555555,0.28851163904343047,0.015771288391365944,0.16047650092114293,0.16104587468018508,0.7339897848421659
graph_07_mu_0_2_node_541,17,0.45714285714285713,0.0005145068489311709,0.3571683947086164,2.7997997997998,0.00918846001290611,13.175,3.825,3.5106666666666664,0.225,0.22981280996223757,0.003917937061394812,0.12695604838709676,0.12710165394118225,0.7009247518844401
graph_07_mu_0_2_node_542,19,0.3235294117647059,0.0009541243397283096,0.3588362068965517,2.7867867867867866,0.008042930144196657,13.018,5.982,2.1787,0.314842105263158,0.41398064756686287,0.006077402031482267,0.1868565062388592,0.1870842014969922,0.8291154129059218
graph_07_mu_0_2_node_543,40,0.2972972972972973,0.0027910259145908314,0.4049452776651804,2.4694694694694697,0.05499388127362177,29.03,10.97,2.647757575757575,0.27424999999999994,0.21184961804375718,0.011585449406810453,0.15892619485026097,0.1593441804827902,0.5405570900984742
graph_07_mu_0_2_node_544,31,0.4,0.0019444957973336987,0.38467462456680784,2.5995995995995997,0.022907475515748166,23.008,7.992,2.8794285714285714,0.2578064516129031,0.2597426809812501,0.008250570290597135,0.1479811447811448,0.148285555781364,0.7473165399479622
graph_07_mu_0_2_node_545,22,0.354978354978355,0.0012465924756058342,0.37331838565022424,2.6786786786786787,0.010404711257430298,15.031,6.969,2.159095238095238,0.3167727272727274,0.3541677291445448,0.0071184289755023165,0.18821906116642956,0.18848435566733163,0.7607543516324108
graph_07_mu_0_2_node_546,27,0.30484330484330485,0.001618811433142848,0.3855654187572366,2.5935935935935936,0.026601059925434076,19.028,7.972,2.3886607142857144,0.2952592592592592,0.1718623739634053,0.00836850170820881,0.1732147317298797,0.1735182890432598,0.4094584945751204
graph_07_mu_0_2_node_547,23,0.36363636363636365,0.000984397271457951,0.3778366111951589,2.6466466466466465,0.02285351121486303,16.013,6.987,2.2939285714285704,0.30378260869565227,0.20713220236471444,0.007235093780925258,0.17911103814884297,0.1793770376070201,0.47390755524909456
graph_07_mu_0_2_node_548,27,0.21937321937321938,0.001890073525822434,0.38158899923605805,2.6206206206206204,0.01636751023252007,16.023,10.977,1.4605181818181816,0.40655555555555556,0.4286298483365688,0.011274649791685985,0.2551651162790698,0.2555829543856749,0.6242200740049032
graph_07_mu_0_2_node_549,19,0.4269005847953216,0.0007932273367553326,0.3605196679898953,2.7737737737737738,0.008375076252288354,15.002,3.998,3.753166666666667,0.2104210526315789,0.17982315770764362,0.004090414099317951,0.11758319327731093,0.11773540528848027,0.6744378029421253
graph_07_mu_0_2_node_550,23,0.16205533596837945,0.0020007352078004,0.3858632676709154,2.5915915915915915,0.01465870314935309,11.008,11.992,0.9181303030303029,0.521391304347826,0.36882405760874176,0.01240081029577416,0.352636227824463,0.3530925100552647,0.33832608964682037
graph_07_mu_0_2_node_551,34,0.4475806451612903,0.0014941041147113806,0.38917023763147646,2.5695695695695697,0.052818225894612235,26.058,7.942,3.2860238095238095,0.23358823529411768,0.18586395631025018,0.008309238901449708,0.13225813502555966,0.13256071219315368,0.5844944054594312
graph_07_mu_0_2_node_552,18,0.11764705882352941,0.0017064451277020605,0.3713754646840149,2.6926926926926926,0.009617483364641003,7.178,10.822,0.6694889610389612,0.6012222222222221,0.6952800104032195,0.0110466819193791,0.4305914425804082,0.4310031044274009,0.44522623275436884
graph_07_mu_0_2_node_553,43,0.3842746400885936,0.003311271086218981,0.4036363636363636,2.4774774774774775,0.03905952376746231,31.082,11.918,2.6105015151515154,0.27716279069767435,0.3337288738311114,0.012373128544075754,0.16089438596491232,0.16134854729141523,0.8669307938297918
graph_07_mu_0_2_node_554,20,0.18947368421052632,0.0014302339080164205,0.37276119402985075,2.6826826826826826,0.01706410819300393,10.071,9.929,1.0202455322455322,0.49645000000000006,0.6801086799430021,0.010100166722520043,0.3306263832241585,0.33100417211539535,0.6765184950679126
graph_07_mu_0_2_node_555,41,0.38866396761133604,0.0029512676864787,0.3994402239104358,2.5035035035035036,0.038709093863256064,30.024,10.976,2.7365805555555553,0.26770731707317086,0.3068596150535443,0.01139617112071711,0.154546341006258,0.15496458688231088,0.8103695693809053
graph_07_mu_0_2_node_556,19,0.19117647058823528,0.001136489305536409,0.3652650822669104,2.7377377377377377,0.008190133579697138,11.852,7.148,1.692153687978688,0.3762105263157894,0.4970145910605401,0.007283400534428877,0.23317562823535304,0.23344766502982822,0.7186949324557557
graph_07_mu_0_2_node_557,39,0.3765182186234818,0.00261480673542222,0.39705882352941174,2.5185185185185186,0.05697799228636628,29.137,9.863,2.960434523809523,0.2528974358974359,0.23104255803496804,0.010318770634991864,0.14478556453812388,0.14516138906588236,0.6783645596545617
graph_07_mu_0_2_node_558,29,0.4408866995073892,0.0009932776910428103,0.3768389287061486,2.6536536536536537,0.023451995432981695,24.01,4.99,4.819333333333332,0.17206896551724146,0.1479507668115943,0.0051670980129566255,0.09414065180102915,0.09433075441177573,0.710695225212216
graph_07_mu_0_2_node_559,18,0.3333333333333333,0.0007892064964264427,0.36038961038961037,2.774774774774775,0.008854673093520022,12.049,5.951,2.033,0.3306111111111111,0.40299336892379883,0.006052714727593069,0.19813225806451618,0.19835875670340647,0.808933084481419
graph_07_mu_0_2_node_560,37,0.453781512605042,0.002083555590859654,0.39161113288906313,2.5535535535535536,0.03399892957463983,29.053,7.947,3.660238095238095,0.2147837837837838,0.22248275367841586,0.008250699072607759,0.12032568441216374,0.12062852116962373,0.7830235123125887
graph_07_mu_0_2_node_561,32,0.32873563218390806,0.002011298570289513,0.37970353477765106,2.6336336336336337,0.017497147447971702,23.015,8.985,2.5626666666666673,0.28078125,0.3376317887626715,0.009236035129128649,0.16332682489923867,0.16366904592487372,0.8263695562187723
graph_07_mu_0_2_node_562,27,0.36752136752136755,0.0011375110312696682,0.378839590443686,2.6396396396396398,0.02710191788448498,20.107,6.893,2.9302357142857134,0.25529629629629624,0.14905031837156807,0.007234374658185604,0.1463905731654364,0.14665307629580565,0.4323564650056172
graph_07_mu_0_2_node_563,20,0.4421052631578947,0.0007780445148321028,0.36863468634686347,2.7127127127127126,0.015372640466290225,15.005,4.995,3.005,0.24975,0.14796386710637746,0.0051728453905570265,0.14269841269841266,0.1428885753467736,0.4441845157576348
graph_07_mu_0_2_node_564,14,0.16483516483516483,0.0008832491535034906,0.3649981731823164,2.73973973973974,0.009053265452742387,6.971,7.029,0.9998166666666666,0.5020714285714286,0.4828594108123295,0.00716147177609351,0.33591320527933793,0.3361806182885571,0.4621094429974985
graph_07_mu_0_2_node_565,18,0.38562091503267976,0.0006417048944951316,0.36633663366336633,2.72972972972973,0.012756695414129127,12.041,5.959,2.0333,0.3310555555555555,0.3033813214244725,0.006085718701478193,0.19846769449715373,0.19869449735012584,0.6089678390654355
graph_07_mu_0_2_node_566,27,0.3561253561253561,0.0013011169472664284,0.388715953307393,2.5725725725725725,0.04390937464315945,18.016,8.984,2.006,0.33274074074074067,0.20987201652224807,0.009400716824952098,0.19958260869565222,0.1999246614130285,0.42029465882433453
graph_07_mu_0_2_node_567,36,0.38146167557932265,0.0019517421637704742,0.38886726352666406,2.5715715715715715,0.02042788921578559,29.031,6.969,4.169428571428573,0.19358333333333338,0.21964246277891056,0.007200810792447527,0.10717202797202802,0.10743760555165016,0.8817963168431858
graph_07_mu_0_2_node_568,29,0.43103448275862066,0.0012619371783016934,0.38735944164404806,2.5815815815815815,0.04623403098496353,21.063,7.937,2.6584190476190472,0.27368965517241384,0.18573923912112963,0.00830423046823451,0.1585705085517516,0.15887278022045592,0.49117677775446233
graph_07_mu_0_2_node_569,23,0.319047619047619,0.001646317981276371,0.3689069423929099,2.710710710710711,0.014243764038314843,15.008,7.992,1.8782857142857141,0.34747826086956507,0.4551243229192002,0.008143583582850595,0.21027800269905528,0.21058222829463427,0.7969034431038934
graph_07_mu_0_2_node_570,37,0.4789915966386555,0.0015856856652059924,0.3893219017926734,2.5685685685685686,0.09748783193364281,30.05,6.95,4.330466666666667,0.1878378378378378,0.15292395890446314,0.0072965031813553675,0.10366643763280785,0.10393131182187315,0.6373521141362121
graph_07_mu_0_2_node_571,21,0.2,0.0018250982045843486,0.3734579439252336,2.6776776776776776,0.009147291709112573,11.027,9.973,1.1069666666666664,0.47490476190476194,0.5753049324995994,0.01015655893301432,0.31145167112299466,0.31183116218971474,0.6338389291487174
graph_07_mu_0_2_node_572,21,0.41904761904761906,0.0008154912293010542,0.3694526627218935,2.7067067067067065,0.014525472421398566,16.005,4.995,3.2052500000000004,0.23785714285714285,0.1876372356529086,0.0051346672475909615,0.13498577524893313,0.1351759523776089,0.6007748877323579
graph_07_mu_0_2_node_573,28,0.2275132275132275,0.002276808892406542,0.3881118881118881,2.5765765765765765,0.016485376583926063,16.016,11.984,1.336812121212121,0.428,0.4356441745992345,0.012333190378390846,0.2722772068511197,0.2727333586341379,0.5812635476501958
graph_07_mu_0_2_node_574,34,0.4254032258064516,0.0017756318678837004,0.3830521472392638,2.6106106106106104,0.02277978207865257,25.04,8.96,2.8013214285714287,0.26352941176470585,0.3226961728191489,0.009225967430068009,0.15179263116696098,0.15213395262981316,0.8629127658817839
graph_07_mu_0_2_node_575,24,0.2826086956521739,0.0015319231906343533,0.3740172220142269,2.6736736736736737,0.015642033287807652,16.005,7.995,2.0021428571428572,0.33312499999999995,0.30028444857306813,0.00821861362518688,0.19985365853658538,0.20015802141147934,0.6007748877323579
graph_07_mu_0_2_node_576,25,0.25,0.001736679885681689,0.38334612432847276,2.6086086086086087,0.015680654317761535,14.026,10.974,1.278787878787879,0.43896000000000013,0.41252474482143475,0.011280386442029002,0.2812226391494684,0.2816402996253948,0.5260682842234841
graph_07_mu_0_2_node_577,26,0.29846153846153844,0.0016430916074110914,0.38173481085212074,2.6196196196196198,0.020365273874987582,16.016,9.984,1.604838888888889,0.3840000000000001,0.2958704589348007,0.010339073245366237,0.2376384778012685,0.23801853169399198,0.47395744918651395
graph_07_mu_0_2_node_578,16,0.475,0.0006231336294575051,0.35602280826799715,2.808808808808809,0.0069943986458575825,12.045,3.955,3.0613333333333332,0.2471875,0.23183448863820064,0.0040572038108028655,0.14108637110016417,0.1412369121777014,0.6981179859014606
graph_07_mu_0_2_node_579,21,0.30994152046783624,0.0010267078550000662,0.3668747704737422,2.725725725725726,0.01366764560797747,15.048,5.952,2.54585,0.2834285714285713,0.3153618342842267,0.006078407533020404,0.16524019039282195,0.1654667785108863,0.7366389713899751
graph_07_mu_0_2_node_580,23,0.1541501976284585,0.002078121388628978,0.38393543428132204,2.6046046046046047,0.01720495994630392,11.045,11.955,0.9250999999999998,0.5197826086956521,0.5474155476612612,0.012237853764975895,0.35123818860877676,0.3516930646696552,0.5031180735080768
graph_07_mu_0_2_node_581,29,0.3645320197044335,0.0013182862826200843,0.38886726352666406,2.5715715715715715,0.043062955443943646,22.032,6.968,3.1655047619047627,0.24027586206896548,0.1346472893320272,0.007358415455895673,0.13655670337801304,0.1368221012635335,0.4246688157458425
graph_07_mu_0_2_node_582,24,0.5217391304347826,0.0008083004148895866,0.3757051523128996,2.6616616616616615,0.024416272458370414,19.006,4.994,3.807199999999999,0.20808333333333337,0.13957186834713423,0.005185308390842476,0.11612684989429176,0.11631703241237054,0.5306994876063634
graph_07_mu_0_2_node_583,33,0.23674242424242425,0.0034869578743819503,0.40120481927710844,2.4924924924924925,0.025531790977544554,18.025,14.975,1.2041521978021974,0.45378787878787863,0.4438035427049292,0.01550737633900859,0.29350387508656095,0.29407389670430795,0.5333870073464828
graph_07_mu_0_2_node_584,19,0.2647058823529412,0.0008799581235975302,0.36327272727272725,2.7527527527527527,0.009958808357868876,12.009,6.991,1.725440331890332,0.36794736842105247,0.475234497538401,0.00711346253257247,0.2256437923643069,0.22590986242640343,0.7428611771307001
graph_07_mu_0_2_node_585,27,0.3433333333333333,0.0014164482470363467,0.3697261287934863,2.704704704704705,0.01141547808770113,20.021,6.979,2.8714142857142853,0.2584814814814814,0.2726277565311699,0.007168028654448287,0.1484364415979158,0.1487022176637044,0.7412954480188605
graph_07_mu_0_2_node_586,28,0.24338624338624337,0.002165420035236375,0.38660990712074306,2.5865865865865865,0.018075043253257785,17.02,10.98,1.5506020202020203,0.39214285714285724,0.42860688343530373,0.011278143460715566,0.243904532839963,0.24432251687494805,0.6631142785067208
graph_07_mu_0_2_node_587,29,0.39655172413793105,0.0017923715632320583,0.38766006984866125,2.5795795795795797,0.07480638568725365,20.013,8.987,2.227458333333333,0.30989655172413805,0.19738582024062282,0.00943619196573446,0.1833657142857143,0.18370793323709056,0.4392254608199213
graph_07_mu_0_2_node_588,22,0.37662337662337664,0.0010183167492188727,0.36782032400589104,2.7187187187187187,0.01187301997843114,16.014,5.986,2.680233333333333,0.27209090909090894,0.22504523698768458,0.006153049238373016,0.15749084954412298,0.15771874896425284,0.6010069003109741
graph_07_mu_0_2_node_589,18,0.2549019607843137,0.001114556484515415,0.3602596465921385,2.775775775775776,0.007119293053015799,11.013,6.987,1.5781220779220781,0.3881666666666667,0.3768370716925018,0.00712689748353442,0.24087982202447153,0.24114572019279068,0.5916552286446137
graph_07_mu_0_2_node_590,49,0.39592969472710454,0.0037218338543032596,0.4090909090909091,2.4444444444444446,0.12082098952544774,36.119,12.881,2.8092074592074585,0.2628775510204082,0.2835436106045979,0.013522876624178793,0.15135933548895242,0.15185036408926117,0.7701578201163025
graph_07_mu_0_2_node_591,25,0.31333333333333335,0.001605195266884268,0.3755639097744361,2.6626626626626626,0.013769045087995056,18.027,6.973,2.590357142857143,0.2789200000000001,0.32401995827067703,0.007132237591258955,0.1620912614517266,0.1623567686583286,0.8346326095273624
graph_07_mu_0_2_node_592,52,0.3142857142857143,0.0051726049666936036,0.42045454545454547,2.3783783783783785,0.07542384189414036,36.088,15.912,2.270240476190476,0.3059999999999999,0.3721123546658297,0.016648848901201264,0.18066052175040936,0.181267022074602,0.8184414771600416
graph_07_mu_0_2_node_593,22,0.31601731601731603,0.0015942583501074676,0.37429748969651555,2.6716716716716715,0.015222833414192928,13.142,8.858,1.4952452380952377,0.4026363636363637,0.582404959371528,0.009027419933799194,0.2523272522956733,0.25266438311003964,0.8467799322131753
graph_07_mu_0_2_node_594,43,0.3588039867109635,0.0034512351935725018,0.4036363636363636,2.4774774774774775,0.10544753499361086,30.205,12.795,2.3659828671328667,0.2975581395348837,0.2820931116293497,0.01343123784104918,0.17483341088745558,0.17532094273108426,0.6616689693389544
graph_07_mu_0_2_node_595,19,0.08187134502923976,0.0016624334766283742,0.38086160884483417,2.625625625625626,0.013670730685658366,7.026,11.974,0.5871554778554778,0.6302105263157896,0.6450791164612883,0.012213721868149634,0.46014311762311777,0.4605985771878124,0.3767198351246185
graph_07_mu_0_2_node_596,16,0.2087912087912088,0.0009310373671534817,0.35438098616530683,2.8218218218218216,0.00606080931492471,9.019,6.981,1.2929523809523809,0.4363125,0.4387689359261447,0.0071109309049384685,0.2790646153846155,0.27933024504158005,0.5022413983923802
graph_07_mu_0_2_node_597,31,0.18226600985221675,0.003217150606681238,0.39595719381688466,2.5255255255255253,0.016862219918974214,17.022,13.978,1.2181542624042625,0.4509032258064515,0.6485305256924464,0.014298736974526705,0.2910908903561425,0.29162294089472435,0.7419135833331851
graph_07_mu_0_2_node_598,18,0.325,0.0007531089347820724,0.35551601423487544,2.8128128128128127,0.00607059811456024,13.004,4.996,2.6036000000000006,0.27755555555555556,0.3452204149360307,0.005076174808540151,0.16114516129032258,0.16133533303206513,0.8288147532882658
graph_07_mu_0_2_node_599,34,0.27629233511586454,0.002999737212726684,0.3903868698710434,2.5615615615615615,0.018016567577148507,22.018,11.982,1.8379696969696966,0.35241176470588226,0.3772561710069925,0.012381245078106045,0.21390225563909773,0.2143585398212204,0.6927129291973302
graph_07_mu_0_2_node_600,26,0.30153846153846153,0.0016779171478540971,0.38977760436987907,2.5655655655655654,0.0372305995930398,16.079,9.921,1.6231111111111114,0.3815769230769232,0.23224669321070868,0.010379579490899744,0.23582583308164703,0.23620349125795814,0.3745080259745353
graph_07_mu_0_2_node_601,20,0.33157894736842103,0.0007357865597478836,0.3652650822669104,2.7377377377377377,0.010273401112063459,15.02,4.98,3.0206666666666666,0.249,0.20046016946797915,0.005111956744875168,0.1422239382239382,0.14241353006577825,0.602821773607212
graph_07_mu_0_2_node_602,24,0.3007246376811594,0.001437078230457732,0.37331838565022424,2.6786786786786787,0.014294121950834142,16.025,7.975,2.0114285714285716,0.33229166666666665,0.3542106824068095,0.008166198213990587,0.19927526132404186,0.19957886338157022,0.7094745668520702
graph_07_mu_0_2_node_603,21,0.319047619047619,0.000932562293889333,0.3713754646840149,2.6926926926926926,0.028537116424616867,15.047,5.953,2.5378000000000003,0.28347619047619044,0.11515713325139447,0.006285967176791134,0.16520434402013348,0.16543097048966338,0.2897342480357796
graph_07_mu_0_2_node_604,47,0.298989898989899,0.0038865939550147607,0.40925850061450225,2.4434434434434436,0.04187002812113878,34.021,12.979,2.6217663170163172,0.27614893617021274,0.3308374889907881,0.013526211115795285,0.1601969685426439,0.16069165271343866,0.8411069335778143
graph_07_mu_0_2_node_605,23,0.39920948616600793,0.0008919572881056792,0.37013708781030014,2.7017017017017015,0.013301662559722876,18.011,4.989,3.613416666666668,0.21691304347826093,0.1814702562224369,0.005134060474674963,0.12165861761607656,0.12184859533202856,0.6537718730406633
graph_07_mu_0_2_node_606,19,0.375,0.000711530325727655,0.3531283138918346,2.8318318318318316,0.006587080079932644,14.027,4.973,2.8256499999999996,0.2617368421052631,0.31316831134086487,0.005065002277677244,0.15060071301247774,0.15079002407629205,0.8160440898413653
graph_07_mu_0_2_node_607,30,0.42298850574712643,0.0017788883511256014,0.3872093023255814,2.5825825825825826,0.028579102205807554,21.024,8.976,2.3442857142857143,0.2991999999999999,0.32302447475453183,0.009242912655042523,0.17593443182788351,0.1762762582535339,0.7547363238203268
graph_07_mu_0_2_node_608,20,0.28104575163398693,0.0009183393343047541,0.36195652173913045,2.7627627627627627,0.0089300280313389,13.022,6.978,1.8693809523809528,0.34889999999999993,0.36820624055316087,0.007128029187149748,0.2113812070282658,0.21164680330460126,0.6311945248373309
graph_07_mu_0_2_node_609,30,0.3994708994708995,0.0013520274434196471,0.3939274447949527,2.5385385385385386,0.07628112321264059,21.069,8.931,2.3625,0.2976999999999999,0.19651549419455824,0.009376090335425136,0.17491201608848667,0.17525213042590287,0.4400957868659859
graph_07_mu_0_2_node_610,17,0.4264705882352941,0.0005008314576311167,0.36314067611777534,2.7537537537537538,0.010138666241053166,13.01,3.99,3.264166666666667,0.2347058823529412,0.1557908613558909,0.004098325279621797,0.13296774193548383,0.13311962634455704,0.5071355153184933
graph_07_mu_0_2_node_611,24,0.2246376811594203,0.0017696680085550957,0.38129770992366413,2.6226226226226226,0.018649204402351818,14.005,9.995,1.4015619047619046,0.4164583333333334,0.3073852390341235,0.01033579156082327,0.26300069122148706,0.26338110548860016,0.4304853739147569
graph_07_mu_0_2_node_612,32,0.3850806451612903,0.0020355940104361744,0.3842307692307692,2.6026026026026026,0.021003119636713873,23.057,8.943,2.582222222222223,0.27946875,0.2911892444213756,0.009231466663332544,0.16245920129477295,0.16279982402669163,0.7483287308011067
graph_07_mu_0_2_node_613,23,0.32857142857142857,0.0013281350949328546,0.37,2.7027027027027026,0.019111480143787662,15.425,7.575,2.116472619047619,0.3293478260869564,0.458269055059272,0.007756442537124029,0.19794923072220882,0.19823759186011733,0.8214950924799098
graph_07_mu_0_2_node_614,18,0.2679738562091503,0.0011788601743253223,0.36287686160552124,2.755755755755756,0.008733952557384314,10.011,7.989,1.25375,0.44383333333333347,0.3856676600513599,0.008166818136680567,0.28523251231527086,0.28553650806620684,0.48237637167831793
graph_07_mu_0_2_node_615,40,0.41410256410256413,0.0025345726730191588,0.39501779359430605,2.5315315315315314,0.040368885177894234,30.046,9.954,3.021,0.24885,0.2784541415274754,0.010334863503664193,0.14211893583724566,0.14249825319841597,0.8382879197025693
graph_07_mu_0_2_node_616,20,0.5473684210526316,0.00029003296020573075,0.3712374581939799,2.6936936936936937,0.035740871455151556,17.004,2.996,5.693333333333334,0.14979999999999996,0.06998860216312888,0.0031349050643877823,0.08097020097020101,0.0810842865136706,0.3968952534548597
graph_07_mu_0_2_node_617,16,0.27472527472527475,0.0007863718630689771,0.35526315789473684,2.814814814814815,0.005510780816636787,11.01,4.99,2.213333333333333,0.311875,0.3296089109534172,0.00508450982526721,0.1848802640526778,0.18507017832463662,0.6596760747248693
graph_07_mu_0_2_node_618,25,0.34,0.0017083292174351707,0.37096175269216486,2.695695695695696,0.008813969346693828,18.008,6.992,2.576190476190477,0.27968000000000015,0.31458219459754505,0.007153566528898534,0.1625792811839324,0.1628455114502243,0.8094126284878153
graph_07_mu_0_2_node_619,18,0.10457516339869281,0.001758936233142425,0.37712344280860705,2.6516516516516515,0.009163011559837602,7.156,10.844,0.664752147852148,0.6024444444444443,0.6913374315466263,0.01107256495432481,0.431704657950745,0.4321171559287872,0.443492692200982
graph_07_mu_0_2_node_620,23,0.391304347826087,0.0010648541327697575,0.3702742772424018,2.700700700700701,0.012684341975351518,17.005,5.995,2.837166666666667,0.26065217391304346,0.18872698338923624,0.006194783301374267,0.14985975609756094,0.15008801542043432,0.535023011640623
graph_07_mu_0_2_node_621,21,0.4502923976608187,0.0007868004135853615,0.36038961038961037,2.774774774774775,0.007979469587197544,16.023,4.977,3.2248500000000004,0.237,0.2743151902599633,0.005092473427643572,0.1344496115548747,0.13463910366532936,0.8247818243041178
graph_07_mu_0_2_node_622,27,0.24,0.0021706766378939736,0.38261202604366146,2.6136136136136137,0.013306169323071762,15.095,11.905,1.2707,0.44092592592592605,0.6575162132413475,0.012180214849053787,0.2829158864391421,0.28336900024979694,0.7713099056919578
graph_07_mu_0_2_node_623,37,0.346218487394958,0.0024635350026915846,0.3882627283326856,2.5755755755755754,0.029750739544657616,25.066,11.934,2.106904148629148,0.32254054054054065,0.4302336411096775,0.012286974607596809,0.19233934126978777,0.19279390310900477,0.8631579283822494
graph_07_mu_0_2_node_624,24,0.27898550724637683,0.001530634018982895,0.38158899923605805,2.6206206206206204,0.021340952441587253,15.012,8.988,1.6710952380952384,0.3745,0.3267167902435757,0.00924996624494192,0.23040589654248195,0.2307480232240282,0.5448785772203194
graph_07_mu_0_2_node_625,19,0.30994152046783624,0.0008306235064521158,0.3731789316398954,2.67967967967968,0.013058539663377947,13.015,5.985,2.1768000000000005,0.3150000000000001,0.21774293530756347,0.006158856502613297,0.1869644607843137,0.18719227016725465,0.4723065107040944
graph_07_mu_0_2_node_626,31,0.3204301075268817,0.0014477838718942133,0.39176470588235296,2.5525525525525525,0.04347395693674563,23.028,7.972,2.890684523809524,0.25716129032258056,0.15397535917453287,0.008419115443498666,0.1475643819143819,0.14786803172662918,0.4440194908619596
graph_07_mu_0_2_node_627,20,0.4052631578947368,0.0009410296693412765,0.3740172220142269,2.6736736736736737,0.016278477054933283,14.004,5.996,2.336,0.29979999999999996,0.19484941137638226,0.006190020463423233,0.1763361344537815,0.17656437968728875,0.45486621502956115
graph_07_mu_0_2_node_628,17,0.26666666666666666,0.0006960278522570894,0.3647316538882804,2.7417417417417416,0.010009607843882317,12.01,4.99,2.4084999999999996,0.29352941176470587,0.2006700968307268,0.005122611482756143,0.17202298850574718,0.17221291750388018,0.4420018975601456
graph_07_mu_0_2_node_629,26,0.38769230769230767,0.0012355360079846086,0.37612951807228917,2.6586586586586587,0.020237216184892305,19.009,6.991,2.7203523809523813,0.26888461538461533,0.22014644121116497,0.007223782277654418,0.1553316065371569,0.15559781900860908,0.5980448154876987
graph_07_mu_0_2_node_630,38,0.3873015873015873,0.0023262246278552973,0.3909980430528376,2.5575575575575575,0.035416793814265046,29.034,8.966,3.2401666666666666,0.23594736842105268,0.22870410362807564,0.009343568936687589,0.1337611940298507,0.13410284822706758,0.7139468449597134
graph_07_mu_0_2_node_631,50,0.2925531914893617,0.00528361970833079,0.41555740432612315,2.4064064064064064,0.044786488868065945,34.086,15.914,2.1436080586080584,0.31827999999999995,0.4061927613621101,0.016583371758526345,0.18927918882067665,0.18988567290033423,0.8421828192000966
graph_07_mu_0_2_node_632,25,0.19367588932806323,0.0015783855734721598,0.3799923925446938,2.6316316316316315,0.014080909418347344,15.022,9.978,1.5063194444444443,0.39912000000000003,0.4631219624885633,0.010206727643371,0.24933362369337977,0.2497134205085296,0.6492333247319418
graph_07_mu_0_2_node_633,29,0.4757834757834758,0.0012855358963608423,0.3774083868530412,2.6496496496496498,0.020013570382505022,22.001,6.999,3.1435476190476197,0.24134482758620684,0.2514755637996753,0.0072081253076977155,0.1372330316742081,0.13749960949502946,0.7544956569162677
graph_07_mu_0_2_node_634,34,0.3315508021390374,0.002683162188778734,0.39658594680428744,2.5215215215215214,0.027537606428172396,22.043,11.957,1.8447181818181815,0.35167647058823526,0.48274402247560877,0.012273102798579032,0.21337408175611444,0.2138294150643108,0.8869019754221918
graph_07_mu_0_2_node_635,33,0.4659090909090909,0.001456175934056703,0.392688679245283,2.5465465465465464,0.05409145971788039,26.081,6.919,3.7782428571428577,0.2096666666666666,0.16207707696708723,0.007238670339865516,0.11713450958599607,0.11739812277329605,0.6082373036865816
graph_07_mu_0_2_node_636,41,0.3319838056680162,0.0029429218351582067,0.39658594680428744,2.5215215215215214,0.0363965664416155,30.009,10.991,2.7307101010101005,0.2680731707317075,0.297959661361998,0.011418980374267168,0.1547856507385255,0.15520446756820247,0.7860008502018714
graph_07_mu_0_2_node_637,31,0.32019704433497537,0.0017590677130927752,0.37955927051671734,2.6346346346346348,0.016409783589377783,23.018,7.982,2.884964285714286,0.25748387096774183,0.3116404300366812,0.008198677220949776,0.14777239057239058,0.14807642098297372,0.8582709598287387
graph_07_mu_0_2_node_638,20,0.27450980392156865,0.0009439001704083582,0.3572961373390558,2.798798798798799,0.006970920539555392,14.005,5.995,2.337,0.2997499999999999,0.2409296645189784,0.006154479141852358,0.17630438842203547,0.17653259560235426,0.5222433288201825
graph_07_mu_0_2_node_639,18,0.20261437908496732,0.0013617593804763088,0.3697261287934863,2.704704704704705,0.012082045745344595,9.038,8.962,1.01135,0.49788888888888894,0.6052168867205094,0.009116278045251214,0.331589861751152,0.331930843751373,0.6061415013112632
graph_07_mu_0_2_node_640,48,0.32560386473429953,0.0032772980289072257,0.41128036228900783,2.4314314314314314,0.05068142696406118,37.028,10.972,3.3759515151515167,0.22858333333333325,0.2364778765744333,0.01151791375934916,0.1290443511486391,0.12946266796593062,0.7757240528250481
graph_07_mu_0_2_node_641,25,0.2490118577075099,0.0015798840052406887,0.37755102040816324,2.6486486486486487,0.013356985076610955,17.017,7.983,2.132738095238095,0.31932,0.37052064266252877,0.008165989014419554,0.19000679553005137,0.19031072507261462,0.7418346445579767
graph_07_mu_0_2_node_642,22,0.27705627705627706,0.0015054653025302002,0.37179010048381095,2.68968968968969,0.011881568561639869,14.022,7.978,1.7587738095238095,0.36263636363636365,0.4284380648558956,0.008140407588497144,0.22149723407618152,0.2218009040426485,0.7505072831654247
graph_07_mu_0_2_node_643,24,0.32971014492753625,0.0014593926739196858,0.38482280431432975,2.5985985985985987,0.020029537658791605,15.018,8.982,1.672666666666667,0.37425,0.3622832352426925,0.009220098639414824,0.23021538461538466,0.2305572831516362,0.6044010724196114
graph_07_mu_0_2_node_644,21,0.4093567251461988,0.0007677269118570061,0.3635371179039301,2.750750750750751,0.011590864485213185,16.015,4.985,3.2178500000000003,0.2373809523809524,0.22136434158010804,0.005104658366888722,0.13469165116533538,0.1348814477070769,0.6651604124423337
graph_07_mu_0_2_node_645,33,0.4015151515151515,0.0017919590619141536,0.39361702127659576,2.5405405405405403,0.05135927317004733,24.062,8.938,2.6956071428571424,0.2708484848484847,0.20916996271228105,0.009351312536254534,0.15665969423851858,0.15700015269173,0.5605451675109753
graph_07_mu_0_2_node_646,19,0.35294117647058826,0.000901299825163039,0.35200845665961944,2.840840840840841,0.005323640870046546,14.006,4.994,2.8056999999999994,0.26284210526315793,0.34520297872951927,0.00507392712687102,0.15131194295900177,0.15150205307896017,0.8978930817432655
graph_07_mu_0_2_node_647,20,0.3105263157894737,0.0012220413731112937,0.3626134301270417,2.7577577577577577,0.007036611362443704,13.024,6.976,1.8701098901098903,0.34879999999999994,0.4245384907462153,0.007101474921782269,0.2113210536739948,0.21158657385271004,0.7876773997053726
graph_07_mu_0_2_node_648,20,0.16842105263157894,0.001547857240879199,0.374578177727784,2.66966966966967,0.012059355440188694,10.025,9.975,1.0056666666666667,0.49875,0.6430116179473557,0.010142467577978539,0.332263440860215,0.33264297914610225,0.6437790426722168
graph_07_mu_0_2_node_649,33,0.2537634408602151,0.002325198528937161,0.3906922174423152,2.5595595595595597,0.023782120317320906,21.034,11.966,1.7593666666666667,0.3626060606060606,0.435365565870497,0.012313876148183588,0.2214801169590644,0.22193575776510294,0.7268955417573492
graph_07_mu_0_2_node_650,52,0.23906485671191555,0.005457749940829529,0.4190436241610738,2.3863863863863863,0.05581405729177279,34.049,17.951,1.8973728758169937,0.3452115384615384,0.38688894124192075,0.018844269387944607,0.20862341434219103,0.209307474003879,0.7324263553551341
graph_07_mu_0_2_node_651,18,0.38333333333333336,0.0005222962784741926,0.35819290068124776,2.7917917917917916,0.009598218731000282,14.017,3.983,3.5255,0.22127777777777782,0.21408344791010417,0.004063913802736729,0.12442045454545454,0.12457208412613233,0.6970331566589646
graph_07_mu_0_2_node_652,28,0.31384615384615383,0.0017465644462829864,0.3824655436447167,2.6146146146146148,0.01904878937928434,18.07,9.93,1.822977777777778,0.354642857142857,0.4516069064904101,0.010172162826347825,0.21559429100039648,0.21597234889046504,0.7707585811335366
graph_07_mu_0_2_node_653,31,0.29802955665024633,0.002157980162138147,0.38100686498855835,2.6246246246246248,0.016560854109965554,21.031,9.969,2.111797222222223,0.32158064516129026,0.37479155684512,0.010247369606754776,0.19161929143532924,0.19199891936242677,0.7516613576530518
graph_07_mu_0_2_node_654,38,0.3385490753911807,0.003261326211144662,0.4018503620273532,2.4884884884884886,0.03649483660923271,25.028,12.972,1.9302517482517483,0.3413684210526316,0.362613237822045,0.013468902997860323,0.2058260683760684,0.20632014708758784,0.6986288835259477
graph_07_mu_0_2_node_655,27,0.4045584045584046,0.0014286430084715167,0.38173481085212074,2.6196196196196198,0.017030405529707568,19.023,7.977,2.3860892857142857,0.29544444444444445,0.32193584764314537,0.008188095047071015,0.17333857539315442,0.17364232295212542,0.7659428531074451
graph_07_mu_0_2_node_656,27,0.33,0.00161398007244221,0.3734579439252336,2.6776776776776776,0.011767027197841142,20.015,6.985,2.866785714285714,0.2587037037037036,0.309995421218841,0.007153012812220306,0.1485771276595745,0.14884313208789862,0.8424867590103333
graph_07_mu_0_2_node_657,25,0.23,0.0022613357122428968,0.38290532771176694,2.6116116116116115,0.011448477093337267,15.009,9.991,1.5025,0.3996400000000001,0.44944759757019076,0.010221965481150192,0.24972560975609756,0.2501059009120983,0.6745141339445777
graph_07_mu_0_2_node_658,25,0.45,0.0010808282749145593,0.3713754646840149,2.6926926926926926,0.021700730050073006,19.01,5.99,3.1749999999999994,0.23960000000000012,0.19472652291218945,0.006183713579871435,0.13611111111111104,0.136339214908246,0.6172298450856459
graph_07_mu_0_2_node_659,21,0.4095238095238095,0.0008225175497636858,0.3668747704737422,2.725725725725726,0.012267826837279946,16.016,4.984,3.2168000000000005,0.23733333333333334,0.15702024737977918,0.005149879968284925,0.13465718349928874,0.13484694201103223,0.5035533322228485
graph_07_mu_0_2_node_660,24,0.2753623188405797,0.001637361104972327,0.38071646341463417,2.6266266266266265,0.013639226282599028,15.022,8.978,1.6742857142857146,0.3740833333333333,0.35062348650977626,0.009221332787188377,0.23009681050656663,0.23043855689672327,0.5851745932165506
graph_07_mu_0_2_node_661,21,0.4093567251461988,0.0009005158514954028,0.36195652173913045,2.7627627627627627,0.007846514503120398,15.029,5.971,2.5216999999999996,0.28433333333333327,0.32924008330218724,0.006109265909319497,0.16575889046941678,0.16598620186155244,0.7698569312618938
graph_07_mu_0_2_node_662,21,0.19047619047619047,0.001707805528212074,0.374578177727784,2.66966966966967,0.011690540566977279,11.026,9.974,1.1065833333333333,0.47495238095238096,0.3894262414616005,0.010244718633742296,0.3114842245989305,0.31186375370434133,0.4292401929273465
graph_07_mu_0_2_node_663,30,0.4459770114942529,0.001444589676507621,0.384526558891455,2.6006006006006004,0.03204690495680185,22.009,7.991,2.7548214285714283,0.2663666666666667,0.2232942601692012,0.00829730022439225,0.1536502177068214,0.15395456746303637,0.6145859614899692
graph_07_mu_0_2_node_664,23,0.37142857142857144,0.0010282049351002906,0.3768389287061486,2.6536536536536537,0.021123588106788427,16.017,6.983,2.2952428571428567,0.3036086956521739,0.1952162878789087,0.007250489606531288,0.1789873358348968,0.17925318314987787,0.4192597635600387
graph_07_mu_0_2_node_665,14,0.15384615384615385,0.0009776825205984687,0.3601297764960346,2.7767767767767766,0.005843900513221199,7.066,6.934,1.0238222222222222,0.49528571428571433,0.4406482256891211,0.00708148850290673,0.32951408825093026,0.32977789038313804,0.44090802610971613
graph_07_mu_0_2_node_666,16,0.20833333333333334,0.0010068894766140032,0.3659340659340659,2.7327327327327327,0.00908679740109794,9.142,6.858,1.348546031746032,0.428625,0.42947149850461813,0.007004734633582336,0.27323165655711396,0.2734926087204682,0.5547770448114455
graph_07_mu_0_2_node_667,27,0.2849002849002849,0.0016747294288047972,0.3911511354737666,2.5565565565565564,0.029113162985376088,16.066,10.934,1.4709636363636363,0.4049629629629629,0.27909888431153396,0.01139394433679539,0.2539353065539112,0.2543515097614087,0.408640592966498
graph_07_mu_0_2_node_668,48,0.30531400966183575,0.003954508692550912,0.41060419235511714,2.4354354354354353,0.045478672039434447,34.048,13.952,2.4415944055944054,0.2906666666666667,0.3559073849074033,0.014539398393767921,0.17005733250690816,0.17058908300343514,0.8415140903257339
graph_07_mu_0_2_node_669,22,0.16842105263157894,0.0013720047977463813,0.38173481085212074,2.6196196196196198,0.017409214225995992,10.074,11.926,0.8470333333333335,0.5420909090909088,0.5420147925027444,0.012217525830404174,0.37200791316526616,0.37246165248396085,0.4087139200936582
graph_07_mu_0_2_node_670,26,0.22826086956521738,0.0016947052755079686,0.3754227733934611,2.6636636636636637,0.014438091342132463,16.015,9.985,1.6043333333333334,0.38403846153846166,0.307156816097925,0.010325381202093512,0.23766334440753048,0.2380434363534225,0.46148464831029473
graph_07_mu_0_2_node_671,29,0.3333333333333333,0.0013863932355113796,0.37712344280860705,2.6516516516516515,0.0158561305823416,22.025,6.975,3.162328571428572,0.24051724137931027,0.2726307466440387,0.0071634589334149314,0.1367147471470446,0.13698041141343825,0.8192865505636864
graph_07_mu_0_2_node_672,20,0.32105263157894737,0.0010400358501035567,0.3682270549207519,2.715715715715716,0.014914208158796459,13.04,6.96,1.876761904761905,0.3479999999999999,0.3188155425247336,0.007124912130055291,0.21070129870129864,0.21096621046329353,0.5944808145708832
graph_07_mu_0_2_node_673,24,0.5036231884057971,0.0009335745543866476,0.378839590443686,2.6396396396396398,0.0258694866180953,18.014,5.986,3.0112,0.24941666666666668,0.16735951519321446,0.006215219777711328,0.14248504983388702,0.1427129840352905,0.5029637097531694
graph_07_mu_0_2_node_674,23,0.34782608695652173,0.0009052274753821143,0.3855654187572366,2.5935935935935936,0.03918678899410977,16.008,6.992,2.2900952380952377,0.304,0.13496006993215826,0.00738455283081606,0.179251282051282,0.17951747177537647,0.3087089131613993
graph_07_mu_0_2_node_675,18,0.29411764705882354,0.0011445930076048165,0.3572961373390558,2.798798798798799,0.005438016591077965,12.002,5.998,2.0033,0.3332222222222222,0.3642756584606275,0.0061068305619916005,0.1999903225806452,0.200218608960806,0.7268317627425577
graph_07_mu_0_2_node_676,23,0.24761904761904763,0.0015249184780975603,0.3689069423929099,2.710710710710711,0.009076781998696663,15.019,7.981,1.8848023809523808,0.34699999999999986,0.4210681553019177,0.008152484909228975,0.20998495729238664,0.2102887642683867,0.7361327309397045
graph_07_mu_0_2_node_677,23,0.3438735177865613,0.0012843418511752163,0.37179010048381095,2.68968968968969,0.011443074875409574,15.025,7.975,1.8858154761904762,0.3467391304347825,0.40508619991118544,0.008145892901901668,0.20975654520917672,0.21006012416136513,0.7603900410605695
graph_07_mu_0_2_node_678,49,0.41350601295097134,0.003266933301869922,0.408923454768727,2.4454454454454453,0.12371739739777265,38.388,10.612,3.6478320707070697,0.21657142857142858,0.2351441177014373,0.011135803546812404,0.12152511511981888,0.12192975156247249,0.8185573130194632
graph_07_mu_0_2_node_679,21,0.19047619047619047,0.0019385305908011334,0.3758465011286682,2.660660660660661,0.010757196458658483,11.021,9.979,1.1049583333333333,0.4751904761904763,0.6901763107874629,0.01013855314307749,0.31166711229946525,0.31204683152890494,0.7598524655195894
graph_07_mu_0_2_node_680,30,0.4074074074074074,0.0013713086226461498,0.38690937257939584,2.5845845845845847,0.03207608395629277,22.033,7.967,2.7689285714285714,0.2655666666666667,0.20329143657351526,0.008302228384515753,0.15313336558619572,0.15343680193591636,0.535543090697995
graph_07_mu_0_2_node_681,15,0.41025641025641024,0.00046663431219914116,0.34820494945974206,2.8718718718718717,0.004662307562741924,12.98,2.02,6.518267857142857,0.13466666666666666,0.12998526628586593,0.002062987548993566,0.0724450106115773,0.07252190944450015,0.7579969274115905
graph_07_mu_0_2_node_682,24,0.29347826086956524,0.0014708991816108868,0.3801369863013699,2.630630630630631,0.02445301733258277,16.034,7.966,2.0145714285714282,0.33191666666666664,0.1717549388859496,0.00836217064024909,0.19900487804878053,0.1993081378015011,0.34498379302560156
graph_07_mu_0_2_node_683,30,0.35402298850574715,0.0018582991660058145,0.3894736842105263,2.5675675675675675,0.07281643514206367,20.15,9.85,2.050333333333333,0.3283333333333333,0.21707143113185626,0.010340109334878169,0.19647420814479638,0.19684928061908233,0.44128310743197485
graph_07_mu_0_2_node_684,21,0.38571428571428573,0.0008162324506407665,0.36863468634686347,2.7127127127127126,0.016081564966369123,15.015,5.985,2.5105,0.2849999999999999,0.17739876183722686,0.006197797226232234,0.16619369369369366,0.16642153778409016,0.44440692864451464
graph_07_mu_0_2_node_685,30,0.3586206896551724,0.0017840485526345513,0.38766006984866125,2.5795795795795797,0.025216055429080647,21.009,8.991,2.3370833333333336,0.2996999999999999,0.2437506631474831,0.009341094810187918,0.17626696832579183,0.17660936553157622,0.5691294149965267
graph_07_mu_0_2_node_686,18,0.19166666666666668,0.0011258638766681378,0.3594818279956819,2.7817817817817816,0.005820206273958422,9.958,8.042,1.2604932567432567,0.4467777777777779,0.5518416438637206,0.008192822331494749,0.2889869618762047,0.289292969365266,0.5892226252505693
graph_07_mu_0_2_node_687,26,0.3333333333333333,0.0011653616813502373,0.3690432212781677,2.70970970970971,0.011816446367126905,19.028,6.972,2.739047619047619,0.26815384615384613,0.27238056260942733,0.007161157613872281,0.1548772946859903,0.15514278395572922,0.702545595611756
graph_07_mu_0_2_node_688,44,0.3310104529616725,0.003519074036734078,0.41128036228900783,2.4314314314314314,0.10497433849196497,29.077,14.923,1.949700366300366,0.33915909090909085,0.328105966404606,0.015667739374278355,0.204228125515566,0.20479664704479883,0.6158348986162007
graph_07_mu_0_2_node_689,27,0.31339031339031337,0.0016025086760184304,0.3911511354737666,2.5565565565565564,0.030125164022367285,17.03,9.97,1.7091499999999997,0.36925925925925923,0.2542846398195892,0.010389866726637987,0.22645691699604736,0.22683646741416294,0.43315954703245096
graph_07_mu_0_2_node_690,18,0.3137254901960784,0.0008675444682892173,0.36327272727272725,2.7527527527527527,0.00800112854029719,12.051,5.949,2.0312,0.3305,0.308831543242428,0.006082045066751352,0.19803064516129035,0.1982570678096496,0.6201619622428848
graph_07_mu_0_2_node_691,31,0.3448275862068966,0.0017664786335890139,0.37955927051671734,2.6346346346346348,0.021969049534776627,23.024,7.976,2.8890238095238097,0.25729032258064505,0.23648594310254142,0.008259323583835493,0.14765012025012025,0.1479539222721224,0.6518830884127285
graph_07_mu_0_2_node_692,47,0.40606060606060607,0.0026578105195040826,0.4072564207093355,2.4554554554554553,0.1198312558775969,36.045,10.955,3.2922393939393944,0.23308510638297883,0.24085159159131014,0.011501606598671457,0.13192435962336746,0.1323419971814524,0.7689456128495529
graph_07_mu_0_2_node_693,34,0.3761140819964349,0.002516744542090885,0.39564356435643566,2.5275275275275275,0.031793097834331416,23.029,10.971,2.100216161616161,0.3226764705882353,0.3067204761548652,0.01139130110608766,0.19238945112635478,0.19280728378036313,0.6428144515821589
graph_07_mu_0_2_node_694,20,0.22105263157894736,0.0012306406563528302,0.37096175269216486,2.695695695695696,0.012498735320195839,12.014,7.986,1.5067142857142857,0.39930000000000004,0.3651772165227119,0.008175874674177599,0.249495670995671,0.24979959885574493,0.54835378190891
graph_07_mu_0_2_node_695,32,0.33064516129032256,0.0024325419808891367,0.388715953307393,2.5725725725725725,0.02636806379755133,22.02,9.98,2.207377777777778,0.311875,0.27065307351345985,0.010368383654334064,0.1847565175565175,0.18513659295763552,0.5964297955392466
graph_07_mu_0_2_node_696,29,0.17980295566502463,0.002890422038792794,0.39880239520958083,2.5075075075075075,0.031962024992883885,13.026,15.974,0.8158355311355311,0.5508275862068966,0.473366974548175,0.016542113541583216,0.38013150616376107,0.38073930017648117,0.38527264627748026
graph_07_mu_0_2_node_697,21,0.38596491228070173,0.0009038823908379153,0.3679558011049724,2.7177177177177176,0.010597030222742637,15.015,5.985,2.5105,0.2849999999999999,0.271324308755553,0.0061324664151782265,0.16619369369369366,0.16642153778409016,0.6341316080029257
graph_07_mu_0_2_node_698,15,0.1523809523809524,0.001008717217541093,0.3616944243301955,2.764764764764765,0.00914005610458653,7.056,7.944,0.8974951298701298,0.5296,0.5038383659482938,0.008113404043891546,0.3607290409819014,0.3610312560875208,0.44197428512224013
graph_07_mu_0_2_node_699,25,0.2845849802371542,0.001522659268229201,0.3766968325791855,2.6546546546546548,0.014927229389746341,16.016,8.984,1.783928571428572,0.35936,0.33765456352522094,0.009234889718746217,0.21905572211868307,0.2193977226992214,0.5635077680733159
graph_07_mu_0_2_node_700,31,0.45806451612903226,0.001137841761783475,0.39330708661417324,2.5425425425425425,0.08534356029864607,23.149,7.851,2.9580357142857148,0.2532580645161289,0.17318873391053297,0.008241004875286716,0.1450399470899471,0.1453389917501985,0.5073267734300485
graph_07_mu_0_2_node_701,33,0.4659090909090909,0.0017298170225086848,0.39161113288906313,2.5535535535535536,0.08996371023458577,25.146,7.854,3.2114285714285717,0.23799999999999988,0.17324929195813132,0.008244205194733472,0.13511642314436006,0.13541562757698739,0.5510196437264485
graph_07_mu_0_2_node_702,18,0.45751633986928103,0.0004949087238123168,0.3644655235315578,2.7437437437437437,0.016105414820987374,14.007,3.993,3.5105,0.22183333333333344,0.10829617974714913,0.004148332521948294,0.12476136363636363,0.12491337377792867,0.3794860504565923
graph_07_mu_0_2_node_703,21,0.34285714285714286,0.0015042048253133579,0.37151357381926364,2.6916916916916915,0.01137759752341693,13.082,7.918,1.65725,0.37704761904761913,0.5183432972038838,0.00807187892249335,0.23242352941176472,0.23272489436604554,0.8461262512713229
graph_07_mu_0_2_node_704,36,0.27629233511586454,0.0026510515103061,0.3863109048723898,2.5885885885885886,0.019440613728091704,26.019,9.981,2.6078000000000006,0.27725,0.3071198261191945,0.010320967425283774,0.16094124423963133,0.16132147353823378,0.7689782240523132
graph_07_mu_0_2_node_705,27,0.39316239316239315,0.0017574739248681103,0.383199079401611,2.6096096096096097,0.02419059022501338,18.038,8.962,2.014357142857143,0.33192592592592585,0.25066637540770886,0.009305135187929626,0.19900980573543017,0.19935102159298584,0.5034501661908076
graph_07_mu_0_2_node_706,17,0.19852941176470587,0.0009473995590175617,0.36849870896348214,2.7137137137137137,0.008710958212934095,9.005,7.995,1.1266190476190476,0.47029411764705886,0.24587609069758307,0.008267636765256433,0.30745360195360183,0.3077578026905103,0.2767309271869591
graph_07_mu_0_2_node_707,36,0.33689839572192515,0.002574771085757362,0.3929976396538159,2.5445445445445447,0.03213490263456906,24.049,11.951,2.014018181818182,0.33197222222222217,0.33425772745188365,0.012408379787954778,0.19904368059227925,0.1994988549849344,0.6433178089282596
graph_07_mu_0_2_node_708,24,0.2987012987012987,0.0010606892570539555,0.3784090909090909,2.6426426426426426,0.01657542834844403,16.024,7.976,2.0115714285714286,0.33233333333333326,0.29020433026890713,0.008207954912419687,0.19931010452961676,0.1996137445910784,0.5451708408386071
graph_07_mu_0_2_node_709,34,0.28698752228163993,0.0027892669671712687,0.3978494623655914,2.5135135135135136,0.03168650144087005,21.021,12.979,1.620131934731935,0.3817352941176471,0.33084312540746613,0.013526182544493648,0.23590305858690613,0.2363972530001934,0.5353492679264444
graph_07_mu_0_2_node_710,14,0.19696969696969696,0.0005546812626208238,0.35213253436728936,2.83983983983984,0.011779189260844657,9.04,4.96,1.8355000000000004,0.3542857142857142,0.3068828519576305,0.005068500836615006,0.2154395317725753,0.21562827617530592,0.4925678928481193
graph_07_mu_0_2_node_711,28,0.35714285714285715,0.0016621671044071422,0.383199079401611,2.6096096096096097,0.01924650808869129,19.028,8.972,2.1234444444444445,0.32042857142857145,0.3621274755000493,0.00920936541831849,0.19080749746707193,0.19114911962076075,0.7659128234500613
graph_07_mu_0_2_node_712,28,0.5,0.0014027614385421843,0.37641296156744536,2.6566566566566565,0.019129439941436472,22.014,5.986,3.680199999999999,0.2137857142857143,0.21531886870253902,0.006164252723737649,0.11969339366515842,0.11992139731303061,0.7906229205752768
graph_07_mu_0_2_node_713,19,0.19883040935672514,0.0013735560057289353,0.3710995542347697,2.694694694694695,0.01085320463954164,10.025,8.975,1.1181984126984126,0.47236842105263166,0.473162719849915,0.009168252067764638,0.30928148655200943,0.3096229888076413,0.5262184376974393
graph_07_mu_0_2_node_714,19,0.4269005847953216,0.0006051711452312887,0.364067055393586,2.7467467467467466,0.010377725521219034,15.001,3.999,3.751583333333333,0.21047368421052626,0.12296947641057833,0.004135387411268344,0.11761512605042017,0.11776737612057497,0.4611980365396687
graph_07_mu_0_2_node_715,18,0.13725490196078433,0.0014316025065766744,0.3697261287934863,2.704704704704705,0.013336673564002496,8.249,9.751,0.8630846153846156,0.5417222222222222,0.6268255407597598,0.009951605984842323,0.37270169585536916,0.3730726614369785,0.5081956921785412
graph_07_mu_0_2_node_716,18,0.24166666666666667,0.001060637357034382,0.3616944243301955,2.764764764764765,0.010106481261783389,11.013,6.987,1.58141038961039,0.3881666666666668,0.4784268278078075,0.007107307050683915,0.24102599469496014,0.24129189248137928,0.6772002615198421
graph_07_mu_0_2_node_717,22,0.2077922077922078,0.0015872729519422785,0.37373737373737376,2.675675675675676,0.012717680667951961,13.008,8.992,1.4470634920634917,0.4087272727272728,0.4169831970839581,0.009198729508549986,0.2568672672672673,0.2572094939790375,0.6025849737922262
graph_07_mu_0_2_node_718,18,0.17647058823529413,0.001332689183219787,0.36314067611777534,2.7537537537537538,0.006341988638394501,10.013,7.987,1.2542857142857142,0.4437222222222224,0.5145288233738061,0.008121423482869353,0.2851408866995073,0.28544480641644543,0.6439372209187014
graph_07_mu_0_2_node_719,17,0.49264705882352944,0.0003946402884437033,0.3679558011049724,2.7177177177177176,0.01743929238066005,13.005,3.995,3.2570833333333336,0.23500000000000004,0.1083349471034067,0.00415043908031727,0.1331505376344086,0.13330261230944385,0.35230086488839446
graph_07_mu_0_2_node_720,21,0.42105263157894735,0.0009238122001974836,0.3616944243301955,2.764764764764765,0.007560372519786021,15.013,5.987,2.5094499999999997,0.285095238095238,0.38960248614762555,0.006105727163983675,0.16625841631104787,0.16648633648753614,0.9099410356623687
graph_07_mu_0_2_node_721,22,0.2727272727272727,0.0010137139549730553,0.38086160884483417,2.625625625625626,0.028664210330736187,15.038,6.962,2.1629714285714283,0.3164545454545455,0.13452002746043615,0.007352355734878258,0.1880016048437101,0.1882666330447444,0.28949287633493676
graph_07_mu_0_2_node_722,15,0.3619047619047619,0.0006948780950026861,0.36156351791530944,2.765765765765766,0.01033575071950781,10.002,4.998,2.0015,0.33319999999999994,0.14804250436048436,0.005175877614565568,0.19990769230769234,0.2000978967036832,0.2961420113971507
graph_07_mu_0_2_node_723,22,0.36796536796536794,0.0008669557644616489,0.376271186440678,2.6576576576576576,0.023435054178358717,14.022,7.978,1.7602404761904762,0.36263636363636365,0.20348923980415345,0.00831391423579113,0.22151435240908932,0.22181802228867092,0.35692076271299084
graph_07_mu_0_2_node_724,19,0.16176470588235295,0.0013042929065424796,0.36809137803979364,2.7167167167167166,0.011444538023087534,10.109,8.891,1.1432760822510821,0.4679473684210527,0.5918263885032994,0.009054853331028127,0.3057114774058184,0.3060497860426499,0.5953155943106447
graph_07_mu_0_2_node_725,20,0.3894736842105263,0.0008330244210760658,0.37641296156744536,2.6566566566566565,0.0246323374878118,14.007,5.993,2.338666666666667,0.29964999999999997,0.12913082035670637,0.0062912651863789165,0.17623902894491128,0.17646716002754445,0.30157616354035827
graph_07_mu_0_2_node_726,35,0.38825757575757575,0.002128583002707633,0.38467462456680784,2.5995995995995997,0.018198366751563992,27.013,7.987,3.383125,0.22820000000000004,0.25150008045248823,0.008253064407563215,0.1287992831541218,0.12910359658865564,0.8184690197518342
graph_07_mu_0_2_node_727,17,0.33088235294117646,0.000927984364113257,0.3602596465921385,2.775775775775776,0.007223378849489634,12.025,4.975,2.4212499999999997,0.29264705882352937,0.3131755249358048,0.005067120085022302,0.17143678160919545,0.1716261399397961,0.7531246458589412
graph_07_mu_0_2_node_728,23,0.233201581027668,0.0019837003184451796,0.37387724550898205,2.674674674674675,0.015321263325856855,14.019,8.981,1.563701388888889,0.3904782608695653,0.4847630838695989,0.009160409145677088,0.24269934529671378,0.24304117944936182,0.7530079811451039
graph_07_mu_0_2_node_729,42,0.3564102564102564,0.002179267751041988,0.40217391304347827,2.4864864864864864,0.06270001414401331,33.041,8.959,3.6905833333333327,0.21330952380952384,0.1730385617192114,0.009461667346241442,0.11939578947368426,0.11973728127896104,0.6179531058149293
graph_07_mu_0_2_node_730,25,0.31666666666666665,0.0010786744874613063,0.3858632676709154,2.5915915915915915,0.03758214586880535,17.029,7.971,2.1379464285714285,0.31884,0.15395017318608745,0.008418178862591223,0.1896733111849391,0.18997678423711745,0.3283465208955938
graph_07_mu_0_2_node_731,18,0.0915032679738562,0.001370665956394388,0.3702742772424018,2.700700700700701,0.011405967389407702,7.037,10.963,0.6430000000000001,0.6090555555555555,0.7071173356794641,0.0111466222204097,0.43801641025641036,0.4384334302487805,0.4512630738086587
graph_07_mu_0_2_node_732,20,0.3105263157894737,0.0013583030540562332,0.37082405345211583,2.6966966966966965,0.011319154805481776,12.1,7.9,1.5425714285714285,0.39500000000000013,0.4377963221128673,0.008080967220992996,0.2463315083609201,0.24663216552357697,0.6612426630290855
graph_07_mu_0_2_node_733,22,0.23376623376623376,0.0016961595596198527,0.3758465011286682,2.660660660660661,0.01218473057620269,13.004,8.996,1.4458412698412695,0.408909090909091,0.404619128135806,0.009203939644979148,0.2570069498069498,0.25734932861561516,0.5845345393645766
graph_07_mu_0_2_node_734,22,0.15151515151515152,0.001776198362357042,0.3779795686719637,2.645645645645646,0.011293564584541883,11.023,10.977,1.0046,0.49895454545454543,0.5092971357510592,0.011229097942907091,0.33243137254901955,0.3328490517186747,0.510263454496653
graph_07_mu_0_2_node_735,15,0.29523809523809524,0.0008072116030920461,0.36,2.7777777777777777,0.01062413884510859,9.03,5.97,1.517,0.3980000000000001,0.41378387355386065,0.00606469921276075,0.24853076923076925,0.24875793876270938,0.622037757387239
graph_07_mu_0_2_node_736,21,0.30952380952380953,0.0012341805765293456,0.3758465011286682,2.660660660660661,0.016692933389415174,13.011,7.989,1.629125,0.38042857142857156,0.2166223377997621,0.008299973330227382,0.23490588235294121,0.235209947542595,0.35242232192773193
graph_07_mu_0_2_node_737,20,0.631578947368421,0.00040384406015755016,0.36849870896348214,2.7137137137137137,0.06283453315608808,17.01,2.99,5.7,0.14949999999999997,0.06570985227373179,0.003139319582289409,0.08079658605974399,0.0809104431971347,0.37333241052664345
graph_07_mu_0_2_node_738,19,0.28654970760233917,0.001132085962986858,0.36633663366336633,2.72972972972973,0.011493169559333485,12.026,6.974,1.7265904761904762,0.3670526315789473,0.4386688802930281,0.007103542261815449,0.2248174486803518,0.22508287273853994,0.7530107001670353
graph_07_mu_0_2_node_739,19,0.25146198830409355,0.001182279028339488,0.3754227733934611,2.6636636636636637,0.02527052884880431,11.039,7.961,1.388232142857143,0.4189999999999998,0.15378246937167275,0.00840758572313504,0.2650731182795698,0.26537607250631134,0.21238412782135874
graph_07_mu_0_2_node_740,18,0.24836601307189543,0.0009891891532670099,0.37443778110944526,2.670670670670671,0.012017031939639463,11.009,6.991,1.5752857142857146,0.388388888888889,0.3242836485640776,0.007151593694484921,0.24100689655172408,0.24127294694430293,0.5098456356749895
graph_07_mu_0_2_node_741,20,0.3684210526315789,0.000749681720621707,0.3724832214765101,2.684684684684685,0.015333863967071778,13.015,6.985,1.8648571428571432,0.3492499999999999,0.28176455994771704,0.00717009311779384,0.21159256429844658,0.21185842695566448,0.5240060331640016
graph_07_mu_0_2_node_742,25,0.4066666666666667,0.0012340601353089571,0.38188073394495414,2.6186186186186187,0.02537731303321327,18.052,6.948,2.6023809523809525,0.2779200000000001,0.17738887025569033,0.007240268011062916,0.16141649048625795,0.16168104654015752,0.45928733905648084
graph_07_mu_0_2_node_743,30,0.2850574712643678,0.002278494313516497,0.39315230224321135,2.5435435435435436,0.020484107205759022,18.025,11.975,1.5060454545454545,0.3991666666666667,0.4830984811548674,0.012292157617956694,0.24937040816326533,0.24982628716376726,0.7255319858037833
graph_07_mu_0_2_node_744,20,0.24183006535947713,0.0012287504841907329,0.3694526627218935,2.7067067067067065,0.011289969916066072,12.028,7.972,1.5106666666666668,0.39860000000000007,0.4125096385094349,0.008151761509262695,0.24895034377387318,0.2492537393150224,0.5682180355852857
graph_07_mu_0_2_node_745,20,0.4052631578947368,0.0007217213893608368,0.3769811320754717,2.6526526526526526,0.024436616627625928,15.003,4.997,3.003,0.24985,0.10764474679528419,0.005245817530854271,0.1427619047619047,0.14295214351664254,0.32307947848109075
graph_07_mu_0_2_node_746,21,0.3508771929824561,0.0010883739001155905,0.37054896142433236,2.6986986986986987,0.009923693068179128,14.066,6.934,2.0332,0.33019047619047615,0.3833227483185128,0.0070940106679046174,0.19780180180180185,0.1980657447426052,0.7157742662455683
graph_07_mu_0_2_node_747,21,0.2222222222222222,0.00125861803895292,0.3671444321940463,2.7237237237237237,0.00757331447762667,13.023,7.977,1.634,0.37985714285714295,0.32081787008590756,0.008189054133196117,0.23448823529411766,0.23479184409752002,0.48252212290268287
graph_07_mu_0_2_node_748,20,0.10526315789473684,0.0015657314125810153,0.38334612432847276,2.6086086086086087,0.015119829339807954,8.038,11.962,0.6725555555555555,0.5980999999999999,0.4812278155533563,0.012279535808447348,0.4267123258647174,0.4271673641633979,0.32200149594288746
graph_07_mu_0_2_node_749,38,0.2698412698412698,0.003080252606318353,0.39454976303317535,2.5345345345345347,0.027634315431142444,25.027,12.973,1.9297867132867135,0.3413947368421053,0.4085758409316026,0.013404966641128752,0.20584201770451774,0.20633613449526053,0.7558022975260423
graph_07_mu_0_2_node_750,23,0.32857142857142857,0.0013863151515382138,0.37013708781030014,2.7017017017017015,0.008578969210573606,15.042,7.958,1.89225,0.34599999999999986,0.4387626030380904,0.00814271313699545,0.20922267206477727,0.20952560444308926,0.7702441129823987
graph_07_mu_0_2_node_751,25,0.24333333333333335,0.0018804453956914292,0.3791271347248577,2.6376376376376376,0.018585212672501707,14.029,10.971,1.280233585858586,0.4388400000000001,0.48715037331318317,0.011234197612931367,0.28114803895291696,0.28156558526067715,0.6209721093192831
graph_07_mu_0_2_node_752,27,0.34,0.0020260779696910963,0.37755102040816324,2.6486486486486487,0.014271176141613388,19.035,7.965,2.391875,0.295,0.36159379936977437,0.008160375325072796,0.17303885291396848,0.17334214390438835,0.8154988924162483
graph_07_mu_0_2_node_753,23,0.42292490118577075,0.0010330052532848439,0.36782032400589104,2.7187187187187187,0.015047508669420673,17.007,5.993,2.8387000000000002,0.26056521739130434,0.19478136718846228,0.0061868915421283525,0.1498036585365853,0.15003184175309175,0.5523762185629878
graph_07_mu_0_2_node_754,20,0.19473684210526315,0.0013264873750758123,0.36849870896348214,2.7137137137137137,0.008078174160373456,11.02,8.98,1.2280158730158726,0.4490000000000001,0.398529432384881,0.009196040657007392,0.2895234604105572,0.2898651788010261,0.48783100818843217
graph_07_mu_0_2_node_755,31,0.2731182795698925,0.0022886719639686405,0.3881118881118881,2.5765765765765765,0.023647474381504677,20.028,10.972,1.826385858585858,0.3539354838709677,0.3252771126328781,0.011361843013245072,0.21503608526139056,0.21545386049067003,0.5924247756454627
graph_07_mu_0_2_node_756,19,0.27485380116959063,0.0010470513450818357,0.3647316538882804,2.7417417417417416,0.011216481920746351,11.037,7.963,1.388232142857143,0.4191052631578946,0.36457517150230545,0.00815188130134261,0.26517016129032256,0.2654731915134237,0.5032248894565791
graph_07_mu_0_2_node_757,21,0.22380952380952382,0.001560240500962409,0.37151357381926364,2.6916916916916915,0.009019600312058507,12.016,8.984,1.3382499999999997,0.42780952380952386,0.36121871478275863,0.009222916716245555,0.2721347593582886,0.2724766558430728,0.482193090689486
graph_07_mu_0_2_node_758,19,0.3088235294117647,0.0009373240957253302,0.35819290068124776,2.7917917917917916,0.009201484592382486,13.02,5.98,2.1802833333333336,0.31473684210526326,0.3212200326212285,0.006101695213394233,0.1867866532976827,0.18701427246392052,0.643491666334256
graph_07_mu_0_2_node_759,17,0.17142857142857143,0.0009630723816207931,0.3594818279956819,2.7817817817817816,0.007721537849427982,9.885,7.115,1.4058532467532463,0.418529411764706,0.4907052447146485,0.007248383278932816,0.26559585545611025,0.26586659832634885,0.5907631194494237
graph_07_mu_0_2_node_760,15,0.3047619047619048,0.0006953581523682704,0.35755189692197564,2.7967967967967966,0.00812461724267573,10.007,4.993,2.006375,0.33286666666666653,0.2690510039263712,0.005093006150203077,0.19970209790209792,0.19989211205242532,0.5377274854230377
graph_07_mu_0_2_node_761,20,0.3202614379084967,0.0006876206779752555,0.36419978126139263,2.745745745745746,0.01031250521513038,15.008,4.992,3.008,0.2496,0.18146586320611416,0.005137597401057194,0.14260317460317457,0.14279322309197015,0.5086266694479193
graph_07_mu_0_2_node_762,15,0.29523809523809524,0.0006978015434615054,0.3587073608617594,2.7877877877877877,0.007274144734653195,9.017,5.983,1.50925,0.39886666666666676,0.3211960305089966,0.006105249905518557,0.24916153846153843,0.24938920242727705,0.4826554316694298
graph_07_mu_0_2_node_763,21,0.5285714285714286,0.0007912010415061909,0.37206703910614525,2.6876876876876876,0.021243703684164932,16.061,4.939,3.2647500000000007,0.2351904761904762,0.13850509834812197,0.005127354258259756,0.13331447641973954,0.13350252239897364,0.44764474452464526
graph_07_mu_0_2_node_764,15,0.26666666666666666,0.0008319942621988098,0.3570407433881344,2.800800800800801,0.0059660079154554325,9.041,5.959,1.5221666666666664,0.3972666666666667,0.39497882021969144,0.006070638304099468,0.2480285714285714,0.24825532256080615,0.5943281209621082
graph_07_mu_0_2_node_765,15,0.10256410256410256,0.0008315085440245348,0.36566617862371886,2.734734734734735,0.010823438969772687,7.144,7.856,0.9200416666666666,0.5237333333333334,0.5022821991745369,0.008020314205645088,0.355468097120271,0.3557669671717916,0.38058247173915816
graph_07_mu_0_2_node_766,25,0.43333333333333335,0.0010914000864920585,0.3724832214765101,2.684684684684685,0.019148584253327213,19.009,5.991,3.174166666666666,0.2396400000000001,0.1947457536814202,0.006184768432192111,0.13613636363636356,0.13636450549247503,0.6172298450856459
graph_07_mu_0_2_node_767,26,0.25,0.0018508174768167582,0.37612951807228917,2.6586586586586587,0.009911457748498703,16.018,9.982,1.6053444444444447,0.38392307692307703,0.4819254773976156,0.01020425091271705,0.2375795832074902,0.23795956105468744,0.7238573099647224
graph_07_mu_0_2_node_768,30,0.4482758620689655,0.0017662433180262436,0.37955927051671734,2.6346346346346348,0.02143431397392882,22.022,7.978,2.761785714285714,0.2659333333333333,0.2870481606145872,0.008215547081738139,0.1533671988388969,0.1536710538662427,0.7907115035303223
graph_07_mu_0_2_node_769,25,0.41,0.0010726406877759075,0.37303958177744584,2.680680680680681,0.021802473721183074,19.005,5.995,3.172499999999999,0.23980000000000012,0.17759220304766757,0.0062083992323284905,0.13624059746400166,0.13646889152992264,0.5626960924458269
graph_07_mu_0_2_node_770,28,0.2698412698412698,0.002434907976016192,0.38841368584758945,2.5745745745745747,0.020575264932120283,17.031,10.969,1.5537626262626265,0.3917500000000001,0.32521182764658385,0.011358671797327602,0.24361378353376503,0.24403134925037132,0.5037637391847634
graph_07_mu_0_2_node_771,28,0.2751322751322751,0.002180888636855096,0.3801369863013699,2.630630630630631,0.014974117535752117,18.043,9.957,1.8145000000000004,0.3556071428571428,0.3138119175402831,0.010288211898234591,0.21629256420422013,0.21667164899105892,0.5672661618603122
graph_07_mu_0_2_node_772,27,0.38,0.001440133897086744,0.37528174305033807,2.664664664664665,0.014128895650927615,21.005,5.995,3.5045,0.22203703703703712,0.2252039318810071,0.006162608007312474,0.12488520408163264,0.12511353295338828,0.7510552606840749
graph_07_mu_0_2_node_773,53,0.3545098039215686,0.004058814150082637,0.4128099173553719,2.4224224224224224,0.0758852575685105,40.078,12.922,3.104102564102565,0.24381132075471704,0.30226744509772585,0.01352009533334078,0.1388419752194487,0.13933471514592544,0.9116305795090446
graph_07_mu_0_2_node_774,38,0.4095238095238095,0.002036992062359999,0.38349328214971207,2.6076076076076076,0.019711395195642235,31.02,6.98,4.446666666666668,0.18368421052631573,0.2198735650909549,0.00721238621546667,0.10113457556935819,0.10140061260570571,0.9445045733666906
graph_07_mu_0_2_node_775,18,0.325,0.0008785276010606016,0.36038961038961037,2.774774774774775,0.007835766651256204,13.007,4.993,2.6063000000000005,0.2773888888888889,0.2878067894840492,0.005085066845062629,0.16103629032258063,0.16122634792213175,0.6911107840699365
graph_07_mu_0_2_node_776,17,0.13970588235294118,0.0013420468384799326,0.37096175269216486,2.695695695695696,0.00992211870664035,9.076,7.924,1.150628787878788,0.46611764705882364,0.5049924401105048,0.008091647331451781,0.3042197046110089,0.30452120563026625,0.5688808208231962
graph_07_mu_0_2_node_777,16,0.025,0.0014212954938519712,0.3757051523128996,2.6616616616616615,0.012911750257635765,4.001,11.999,0.33513917193917186,0.7499375,0.7797484652218505,0.012236711933802663,0.6006818416264639,0.601138146018503,0.2564895020674601
graph_07_mu_0_2_node_778,26,0.38768115942028986,0.0013767008014796286,0.36958934517203107,2.705705705705706,0.009057425616503164,20.024,5.976,3.354566666666667,0.2298461538461539,0.28884030576013425,0.006108737958601232,0.12985854147394382,0.13008612977020603,0.9169424816022034
graph_07_mu_0_2_node_779,17,0.3142857142857143,0.0007016549897883952,0.3572961373390558,2.798798798798799,0.010122752907984374,12.015,4.985,2.415583333333333,0.29323529411764704,0.2876509078380194,0.005076656560554469,0.17184019280682247,0.17202993153899337,0.6336832790363203
graph_07_mu_0_2_node_780,21,0.2807017543859649,0.0012131038563441775,0.3710995542347697,2.694694694694695,0.011250884077675138,14.021,6.979,2.0122999999999998,0.33233333333333326,0.3748633385727179,0.007120978168014404,0.19931621621621626,0.1995818708291191,0.6970385491555983
graph_07_mu_0_2_node_781,20,0.20526315789473684,0.0018150531478010013,0.37082405345211583,2.6966966966966965,0.007960399445822433,10.021,9.979,1.0048333333333335,0.49895,0.6901805345538333,0.010138528332310616,0.3324381720430107,0.3328178623592663,0.6908548108261346
graph_07_mu_0_2_node_782,51,0.25595238095238093,0.004900079441867347,0.42169691853102576,2.3713713713713713,0.05044184931016049,36.116,14.884,2.4284703296703287,0.29184313725490196,0.3211763678936802,0.015623427181603757,0.1708707336832095,0.1714380744074424,0.7556341952972571
graph_07_mu_0_2_node_783,18,0.35833333333333334,0.0007363508877063789,0.35602280826799715,2.808808808808809,0.011171393853069023,13.023,4.977,2.6249000000000007,0.27649999999999997,0.34495100126931577,0.0050556875812888345,0.16047104105571847,0.1606604898360742,0.8290841669549808
graph_07_mu_0_2_node_784,24,0.4069264069264069,0.0011187956105482275,0.3697261287934863,2.704704704704705,0.01009321371030813,18.017,5.983,3.0136,0.2492916666666667,0.28901009227780966,0.006116092503774701,0.14240531561461792,0.14263313564778207,0.8203100720955411
graph_07_mu_0_2_node_785,34,0.4334677419354839,0.0012749474687903059,0.3903868698710434,2.5615615615615615,0.05291451109026647,27.029,6.971,3.8806190476190463,0.2050294117647059,0.16298509634019626,0.007293852267970703,0.11423268112109991,0.11449829437664488,0.6073732654294852
graph_07_mu_0_2_node_786,30,0.335632183908046,0.0016635954438952028,0.39161113288906313,2.5535535535535536,0.031969584076251154,22.011,7.989,2.7558928571428574,0.2663,0.17213574130174636,0.008386664170687277,0.15360667634252537,0.15391094998660657,0.47388163109557474
graph_07_mu_0_2_node_787,20,0.32679738562091504,0.001159143121547895,0.37096175269216486,2.695695695695696,0.011138310497169514,14.013,5.987,2.342,0.2993499999999999,0.4037595859479126,0.006090490798768302,0.1760336134453781,0.17626151627841066,0.8754961148687062
graph_07_mu_0_2_node_788,21,0.3238095238095238,0.0011036884464040602,0.3694526627218935,2.7067067067067065,0.010694868982167321,15.016,5.984,2.5111999999999997,0.28495238095238085,0.2656565489921596,0.006127788485463654,0.16616216216216212,0.16638996820516644,0.6651944427314043
graph_07_mu_0_2_node_789,22,0.20526315789473684,0.0015478192359446939,0.37712344280860705,2.6516516516516515,0.014225913323314405,12.196,9.804,1.2494650793650792,0.4456363636363635,0.5783608263469816,0.010052813207474658,0.2869217755570696,0.28729487075854887,0.643232223576783
graph_07_mu_0_2_node_790,18,0.2549019607843137,0.0012251534154244946,0.36553238199780463,2.735735735735736,0.009300519111096587,10.994,7.006,1.5763649350649356,0.3892222222222224,0.4775485699529227,0.007127387206221038,0.24194066740823128,0.24220728744397022,0.7429197624896876
graph_07_mu_0_2_node_791,51,0.26360544217687076,0.004697181605353613,0.4169449081803005,2.3983983983983985,0.05200622458437325,37.05,13.95,2.6571016483516487,0.27352941176470585,0.3007582567514993,0.014643757026771079,0.15844118147769837,0.15897297749794032,0.7760523064394383
graph_07_mu_0_2_node_792,26,0.4307692307692308,0.0010881722545174998,0.38334612432847276,2.6086086086086087,0.04211500547014538,19.028,6.972,2.7318666666666673,0.2681538461538462,0.16297562022411807,0.007295122579419179,0.15485324288210497,0.15511873235188067,0.4439733920792671
graph_07_mu_0_2_node_793,36,0.46880570409982175,0.0016701122939143972,0.38690937257939584,2.5845845845845847,0.02792357046980905,28.035,7.965,3.525028571428571,0.22125000000000009,0.28687367588918217,0.00820150909316452,0.1243994050725394,0.12470290399512894,0.9705903500057463
graph_07_mu_0_2_node_794,44,0.321353065539112,0.00325848461559884,0.4079216006533279,2.4514514514514514,0.05928323631979003,33.059,10.941,3.0240444444444443,0.2486590909090909,0.21141614133218373,0.011554392344802164,0.1419945286780729,0.14241153772359333,0.6373030374247033
graph_07_mu_0_2_node_795,35,0.29734848484848486,0.002579948310767042,0.38601236476043277,2.5905905905905904,0.017147109010862582,26.012,8.988,2.89486111111111,0.2568,0.2764765689175451,0.009294400202861795,0.1473194664786415,0.1476618799322846,0.7688758226776338
graph_07_mu_0_2_node_796,30,0.36507936507936506,0.0015833921164795238,0.39690107270560193,2.5195195195195197,0.04607005226365808,20.02,9.98,2.0068333333333337,0.33266666666666656,0.23317824335530063,0.010442726119660854,0.19953122171945706,0.1999112392393644,0.44380334729078286
graph_07_mu_0_2_node_797,25,0.2733333333333333,0.0011996476552977935,0.3821729150726855,2.6166166166166165,0.025491545886757342,17.016,7.984,2.1324404761904763,0.31936000000000003,0.17207587246000974,0.008381233029939292,0.19003573945434413,0.19033970702980524,0.3662479037058603
graph_07_mu_0_2_node_798,30,0.2942528735632184,0.0019900624634996704,0.37755102040816324,2.6486486486486487,0.014029724256848666,22.027,7.973,2.764642857142857,0.26576666666666665,0.24544917023084423,0.008244392470696681,0.15325915174971774,0.15356281648803072,0.6767063968638909
graph_07_mu_0_2_node_799,14,0.17582417582417584,0.0008780369742438588,0.3607800650054171,2.7717717717717716,0.008382677788880395,7.059,6.941,1.0244333333333333,0.4957857142857143,0.4440447975528828,0.007087197409878168,0.32999702979451256,0.33026109792564007,0.4439173961445736
graph_07_mu_0_2_node_800,23,0.38571428571428573,0.0011054634961238194,0.3659340659340659,2.7327327327327327,0.008335086898083611,17.009,5.991,2.8406166666666666,0.2604782608695652,0.3413042171790619,0.0061044389413965556,0.14974889663182342,0.14997700373326767,0.9107235488440317
graph_07_mu_0_2_node_801,23,0.21739130434782608,0.0017416324316276508,0.3769811320754717,2.6526526526526526,0.009883118547136503,14.042,8.958,1.5700674603174607,0.38947826086956516,0.36060862140347905,0.009195634858519057,0.24188926578400272,0.2422302255385867,0.5629088621294248
graph_07_mu_0_2_node_802,35,0.38636363636363635,0.0022790760963749823,0.38571428571428573,2.5925925925925926,0.02392216738644472,26.053,8.947,2.9147916666666656,0.25562857142857137,0.2912530204522178,0.009235716054501493,0.1465606087314178,0.14690146164909487,0.813263544437886
graph_07_mu_0_2_node_803,23,0.5375494071146245,0.000561420941751404,0.36553238199780463,2.735735735735736,0.01745163374347985,20.003,2.997,6.678166666666668,0.13030434782608694,0.08878684088502638,0.003103674673505631,0.06969450317124737,0.06980865288313697,0.5922960832766806
graph_07_mu_0_2_node_804,50,0.3182624113475177,0.004347506135912372,0.4117889530090684,2.4284284284284285,0.04455574650237572,36.078,13.922,2.5937062937062936,0.27844000000000013,0.35538547571842805,0.014507509856061638,0.16175364285930768,0.16228433249328966,0.8929901048437788
graph_07_mu_0_2_node_805,20,0.14736842105263157,0.0015700273700383041,0.38057142857142856,2.6276276276276276,0.015776234917696825,9.063,10.937,0.830953823953824,0.54685,0.5777871944767746,0.011170970810724469,0.3765175123356437,0.37693360760514966,0.4739509330277445
graph_07_mu_0_2_node_806,21,0.11695906432748537,0.0015055279183397545,0.37612951807228917,2.6586586586586587,0.012174810848446994,10.074,10.926,0.9257037878787876,0.5202857142857144,0.5776977727960596,0.01115916385760295,0.3518512192609204,0.35226692795866665,0.4743030328781421
graph_07_mu_0_2_node_807,24,0.2943722943722944,0.0013125476397528118,0.37303958177744584,2.680680680680681,0.01083152412526317,18.02,5.98,3.0205142857142855,0.24916666666666668,0.3160194629825009,0.006108122966744269,0.14238307246788776,0.1426107780113977,0.8937814635428313
graph_07_mu_0_2_node_808,18,0.2833333333333333,0.0009183827246531573,0.36433260393873085,2.744744744744745,0.00801639200677874,12.02,5.98,2.0136363636363637,0.3322222222222222,0.3639579469307572,0.006087438293107679,0.19927225806451618,0.19949985979999246,0.6665821369187627
graph_07_mu_0_2_node_809,14,0.22727272727272727,0.0005599526432636439,0.3557692307692308,2.810810810810811,0.005601879569708362,8.998,5.002,1.800155555555556,0.3572857142857142,0.30357347138151236,0.005092837095406013,0.2175461479786423,0.21773648995533504,0.48448659273870864
graph_07_mu_0_2_node_810,48,0.314975845410628,0.0038680236394258564,0.4138359569179785,2.4164164164164164,0.06951870269505989,34.074,13.926,2.4485834165834164,0.290125,0.32568234160601256,0.014570749274242718,0.16969160478766884,0.1702223658019751,0.7714947190962607
graph_07_mu_0_2_node_811,19,0.35294117647058826,0.0010014010338762272,0.3541297412265154,2.823823823823824,0.005686367487310558,14.007,4.993,2.8066499999999994,0.2627894736842105,0.31349948121408044,0.005086337896451953,0.15127807486631017,0.15146814693597596,0.8157129199681498
graph_07_mu_0_2_node_812,22,0.32105263157894737,0.0010121673474526227,0.3610408384531984,2.76976976976977,0.007531606019996403,16.012,5.988,2.676566666666666,0.272181818181818,0.2778274130146582,0.006125515597193614,0.15754291497975711,0.15777089054393462,0.6954834633032836
graph_07_mu_0_2_node_813,18,0.22875816993464052,0.0011968219041131696,0.3607800650054171,2.7717717717717716,0.0071913559235124835,12.003,5.997,2.003436363636364,0.3331666666666666,0.323077079706811,0.006117303698895665,0.1999303225806452,0.20015857097416667,0.6450943232861197
graph_07_mu_0_2_node_814,20,0.33157894736842103,0.0006499279315678039,0.37429748969651555,2.6716716716716715,0.017267132996053598,14.008,5.992,2.339666666666667,0.2995999999999999,0.18438260642209325,0.006195926936407152,0.1762072829131652,0.17643537594261,0.43049748902804813
graph_07_mu_0_2_node_815,39,0.35735735735735735,0.0023742049742854145,0.4051094890510949,2.4684684684684686,0.0598618767807953,28.053,10.947,2.564481818181818,0.28069230769230763,0.25599778572428283,0.011453819204086137,0.16327321830743977,0.16369029682689387,0.6310815399498956
graph_07_mu_0_2_node_816,19,0.23391812865497075,0.0013745660931291804,0.36863468634686347,2.7127127127127126,0.010932523218450684,11.01,7.99,1.3794020146520147,0.4205263157894735,0.4211134879535215,0.00816219016663686,0.2663122043010752,0.2666162610830131,0.5782565584827218
graph_07_mu_0_2_node_817,16,0.2087912087912088,0.0008669199117144991,0.3602596465921385,2.775775775775776,0.00786952609605703,9.017,6.983,1.2926476190476193,0.4364375,0.4831058653148491,0.007094538725720069,0.27917401709401723,0.27943972277341017,0.5528075184124713
graph_07_mu_0_2_node_818,27,0.32666666666666666,0.001454146427669839,0.37984790874524715,2.6326326326326326,0.01736985043279933,18.015,8.985,2.005625,0.33277777777777773,0.3623354631045408,0.009223272977804878,0.19960869565217396,0.19995078640823793,0.6852631773653144
graph_07_mu_0_2_node_819,24,0.2644927536231884,0.0012917855395753334,0.3824655436447167,2.6146146146146148,0.018928828219594726,16.012,7.988,2.0051428571428573,0.33283333333333326,0.24578230329491,0.008260037495287873,0.1996487804878049,0.1999528770918294,0.4920729250385858
graph_07_mu_0_2_node_820,27,0.36752136752136755,0.0016573308166367348,0.3774083868530412,2.6496496496496498,0.0182093854211884,18.032,8.968,2.013607142857143,0.3321481481481481,0.3619701434284991,0.009205344187524321,0.19918186864014809,0.1995233126081477,0.7258681208650954
graph_07_mu_0_2_node_821,19,0.3333333333333333,0.0009717197187533,0.3610408384531984,2.76976976976977,0.007041667933426092,13.012,5.988,2.1742666666666675,0.31515789473684214,0.34527627439086506,0.006098366969109215,0.1870681818181818,0.18729610534331056,0.7486512887401631
graph_07_mu_0_2_node_822,35,0.36742424242424243,0.0026777706484809143,0.3885647607934656,2.5735735735735736,0.01965303114860385,25.011,9.989,2.504375,0.2853999999999999,0.4027590792759227,0.010253898212996403,0.16645690111052353,0.16683740587535453,0.9671776044154263
graph_07_mu_0_2_node_823,19,0.16374269005847952,0.0013991988792691772,0.3723443906075289,2.685685685685686,0.011942501162183795,9.054,9.946,0.9120333333333336,0.5234736842105262,0.6722560567534035,0.010116810629638625,0.35465320197044325,0.3550316090903726,0.6064994294608155
graph_07_mu_0_2_node_824,28,0.20923076923076922,0.002416919728991453,0.3852680293096799,2.5955955955955954,0.016671494600372826,16.03,11.97,1.3398666666666663,0.4275,0.5476299681151162,0.012254009422433104,0.2718837066315326,0.27233932617988943,0.6856368797675731
graph_07_mu_0_2_node_825,25,0.26666666666666666,0.0021561864900319504,0.3791271347248577,2.6376376376376376,0.011837030996558936,16.076,8.924,1.80436507936508,0.35696000000000006,0.46293698892207735,0.009124297897056951,0.21730815979256146,0.21764787843380728,0.8273512770596712
graph_07_mu_0_2_node_826,28,0.25846153846153846,0.00216773324065848,0.38393543428132204,2.6046046046046047,0.014787229535645085,18.005,9.995,1.801555555555556,0.3569642857142857,0.4495171978034125,0.01022622639990942,0.21726179463459763,0.21764232479298914,0.7644708474924128
graph_07_mu_0_2_node_827,38,0.473015873015873,0.00160400756192162,0.39330708661417324,2.5425425425425425,0.10036349789586084,30.043,7.957,3.7803095238095237,0.20939473684210522,0.17501418443183553,0.008353816220967938,0.11695286810376325,0.117256108701111,0.6372140017488586
graph_07_mu_0_2_node_828,24,0.31601731601731603,0.0014173134315182618,0.37984790874524715,2.6326326326326326,0.01620398700683225,16.017,7.983,2.0074285714285716,0.33262499999999995,0.40522199373879153,0.008154446139464207,0.19950383275261327,0.19980773915446906,0.7605574891094243
graph_07_mu_0_2_node_829,25,0.23666666666666666,0.0019324567700192926,0.37826580840590684,2.6436436436436437,0.019714164614378166,15.03,9.97,1.5103075396825398,0.39880000000000004,0.4428339739572479,0.010208893896687232,0.24912085055235933,0.24950034298267554,0.6652289465725241
graph_07_mu_0_2_node_830,26,0.19692307692307692,0.0021986050255369156,0.3837879369957741,2.6056056056056054,0.014264025912748002,14.03,11.97,1.1732848484848484,0.46038461538461545,0.5314050771665634,0.012257494584793001,0.29907413229614016,0.2995296823723754,0.6209226284674387
graph_07_mu_0_2_node_831,20,0.2222222222222222,0.0010732140529847699,0.36958934517203107,2.705705705705706,0.013341824606493644,12.044,7.956,1.5182857142857142,0.39780000000000004,0.41225929156119545,0.008134610936776721,0.2483799337916985,0.24868272075990494,0.5684683825335253
graph_07_mu_0_2_node_832,24,0.427536231884058,0.0009508568930509662,0.37726586102719034,2.650650650650651,0.021276601889803095,18.01,5.99,3.0084,0.24958333333333335,0.162435227829321,0.0062231345451504595,0.14259257022047717,0.14282065663750323,0.48794107910900075
graph_07_mu_0_2_node_833,20,0.20526315789473684,0.001269909845382549,0.3774083868530412,2.6496496496496498,0.013952800439415764,12.016,7.984,1.5057142857142858,0.39920000000000005,0.24569160100566245,0.008255867712354906,0.2493939393939394,0.24969779130400155,0.36922157052091337
graph_07_mu_0_2_node_834,20,0.39215686274509803,0.0009995979278573076,0.3668747704737422,2.725725725725726,0.009401977485082372,14.024,5.976,2.3496666666666663,0.29879999999999995,0.3894152668871893,0.0060940637091587025,0.17566573295985058,0.1758932172947227,0.8451510788323054
graph_07_mu_0_2_node_835,21,0.5263157894736842,0.0004945486736962412,0.36064981949458486,2.7727727727727727,0.011068078710716443,17.013,3.987,4.27275,0.1898571428571429,0.16087724195706699,0.00409262840196724,0.10489473684210524,0.10504655332430829,0.6449678660966677
graph_07_mu_0_2_node_836,19,0.3161764705882353,0.000990627717467308,0.3576799140708915,2.795795795795796,0.0067809217988032515,13.03,5.97,2.1878833333333336,0.3142105263157895,0.403377580672932,0.006072519735557363,0.18643527183600714,0.18666251055145874,0.8085488727322858
graph_07_mu_0_2_node_837,20,0.2222222222222222,0.0011741044612108796,0.3687707641196013,2.7117117117117115,0.008617824309971229,12.01,7.99,1.5036904761904761,0.3995000000000001,0.41271838637155084,0.008171319924916865,0.249623440285205,0.24992752034932358,0.5680092877231698
graph_07_mu_0_2_node_838,18,0.30718954248366015,0.0009659613422919215,0.3605196679898953,2.7737737737737738,0.008787014617519736,12.015,5.985,2.0114,0.33249999999999996,0.34524321511839035,0.006095106302189984,0.19943607038123173,0.19966386237965247,0.691200024244563
graph_07_mu_0_2_node_839,15,0.34285714285714286,0.0006809335701659098,0.3523809523809524,2.8378378378378377,0.006248033208057297,10.014,4.986,2.0115,0.3324,0.2577943411523762,0.005098805454343021,0.1993606837606838,0.19955043167473735,0.5162974600498528
graph_07_mu_0_2_node_840,21,0.2807017543859649,0.0012367069748667509,0.36809137803979364,2.7167167167167166,0.009253553172046517,13.05,7.95,1.644375,0.3785714285714286,0.46460917734425905,0.008155809305357682,0.23353921568627453,0.23384179766187257,0.698812774964088
graph_07_mu_0_2_node_841,30,0.5218390804597701,0.0009872208681573139,0.38571428571428573,2.5925925925925926,0.08708776856768052,24.08,5.92,4.0815,0.19733333333333333,0.13044760932933203,0.0062144953248716,0.10949711399711401,0.10972263952221999,0.5278264796785883
graph_07_mu_0_2_node_842,22,0.21212121212121213,0.001300965150143543,0.3852680293096799,2.5955955955955954,0.025722945187711697,11.008,10.992,1.0019,0.4996363636363636,0.3256346492406177,0.011383128372028895,0.33303267973856204,0.33345092895907874,0.32580098141205827
graph_07_mu_0_2_node_843,29,0.43842364532019706,0.0012800098189872794,0.3804265041888804,2.6286286286286287,0.02354818671762632,23.007,5.993,3.8405833333333343,0.20665517241379314,0.16247603619945264,0.006226380983910013,0.11523807987958934,0.11546636739184278,0.6233397791287973
graph_07_mu_0_2_node_844,24,0.5615942028985508,0.000659079642679046,0.3769811320754717,2.6526526526526526,0.022199127017800763,20.018,3.982,5.036,0.16591666666666663,0.14347701766728263,0.0040999596974209355,0.09047272727272727,0.09062438808057016,0.7185934128439478
graph_07_mu_0_2_node_845,26,0.30434782608695654,0.0015729700786380882,0.3758465011286682,2.660660660660661,0.011198064717312326,18.008,7.992,2.2538690476190477,0.30738461538461526,0.3595503558193277,0.008176652778923757,0.18160922266139656,0.18191351774855008,0.7645126490842143
graph_07_mu_0_2_node_846,16,0.31868131868131866,0.0006107781098801846,0.3505263157894737,2.8528528528528527,0.00455887873970734,11.986,4.014,3.000666666666667,0.250875,0.25621731112393026,0.0040998493937404274,0.1436076379392721,0.14376042348055848,0.6951921821233445
graph_07_mu_0_2_node_847,33,0.2727272727272727,0.00212183933380955,0.39470564994073487,2.5335335335335336,0.03315309764350193,23.024,9.976,2.3088,0.30230303030303035,0.25435855948806246,0.010396383308121458,0.17807518796992478,0.1784551401592489,0.586307378511957
graph_07_mu_0_2_node_848,32,0.3709677419354839,0.0013706427941372111,0.39008199921905506,2.5635635635635636,0.03339264339897156,25.078,6.922,3.631161904761904,0.2163125,0.1494532732885458,0.007265691643409706,0.12129769192121151,0.12156139923445743,0.5397054871536543
graph_07_mu_0_2_node_849,24,0.38095238095238093,0.0011064353319393606,0.36782032400589104,2.7187187187187187,0.011514858210511562,18.009,5.991,3.0076000000000005,0.249625,0.22511358849910726,0.006158413217949867,0.14261914829356687,0.14284727276667272,0.6385003126161575
graph_07_mu_0_2_node_850,15,0.16666666666666666,0.0007978369620023771,0.36038961038961037,2.774774774774775,0.007464383868869364,7.998,7.002,1.1428273809523808,0.46680000000000005,0.47413722527301455,0.007125890196146077,0.30449675324675324,0.3047631610695054,0.47327052169184175
graph_07_mu_0_2_node_851,17,0.3235294117647059,0.0005713767501826972,0.3607800650054171,2.7717717717717716,0.010704093726331862,12.004,4.996,2.4033999999999995,0.2938823529411765,0.15367983218982487,0.005166215800114034,0.17225747126436788,0.1724476285295138,0.3689479029159455
graph_07_mu_0_2_node_852,22,0.24736842105263157,0.001513976456483033,0.37855248200075786,2.6416416416416415,0.011846559904569114,13.022,8.978,1.4522142857142852,0.4080909090909091,0.5117714161891525,0.009147686655766495,0.2563950687529635,0.25673676304743015,0.6833459968328912
graph_07_mu_0_2_node_853,28,0.31384615384615383,0.0015474216414111236,0.37755102040816324,2.6486486486486487,0.01496490194011603,20.014,7.986,2.507,0.2852142857142856,0.29034551762960675,0.0082187371789493,0.1663333333333333,0.1666374464786881,0.6903122919313887
graph_07_mu_0_2_node_854,19,0.35294117647058826,0.0009047001569307213,0.36314067611777534,2.7537537537537538,0.007237401577720374,13.016,5.984,2.1768,0.3149473684210527,0.2890736680421968,0.006117043834106351,0.18692424242424244,0.1871520137829606,0.5790899388586863
graph_07_mu_0_2_node_855,19,0.32748538011695905,0.0009595738383689159,0.3645985401459854,2.7427427427427427,0.008374393917995824,13.007,5.993,2.1711000000000005,0.315421052631579,0.2338289459828541,0.0061559568520280295,0.18724810606060607,0.18747621979374804,0.5070380111883218
graph_07_mu_0_2_node_856,46,0.33192389006342493,0.0033875853091896945,0.4060975609756098,2.4624624624624625,0.04120255276455454,34.037,11.963,2.8472378787878787,0.26006521739130434,0.3245928820428974,0.012428041497644636,0.14947914354540368,0.14993512172706863,0.8948626934664556
graph_07_mu_0_2_node_857,29,0.3768472906403941,0.0016471169457808574,0.37712344280860705,2.6516516516516515,0.014558640457315388,22.016,6.984,3.1539047619047627,0.24082758620689645,0.25396698608902724,0.007187481044012557,0.13690497737556562,0.13717098426837054,0.7990545114941442
graph_07_mu_0_2_node_858,25,0.19367588932806323,0.002151291522136248,0.37471867966991745,2.6686686686686687,0.010982666690978667,13.108,11.892,1.1045580808080808,0.47568000000000016,0.6961520092881898,0.01219918006801097,0.31217936374707883,0.31263191459114226,0.6999543334818268
graph_07_mu_0_2_node_859,27,0.35327635327635326,0.0014273884262603193,0.376271186440678,2.6576576576576576,0.015020454687985688,20.019,6.981,2.8706428571428564,0.2585555555555554,0.2539782550105021,0.007183965732392059,0.14848626791141992,0.1487521200719611,0.7266239090264262
graph_07_mu_0_2_node_860,17,0.3014705882352941,0.0008499176229349167,0.3590941768511862,2.784784784784785,0.009322284153440207,11.045,5.955,1.8636499999999996,0.35029411764705876,0.37552599993487407,0.006064879007243937,0.2124489326765189,0.21267556617519584,0.6902165329515971
graph_07_mu_0_2_node_861,30,0.38850574712643676,0.002127796940299778,0.39377217185652347,2.5395395395395397,0.03097147467745071,20.021,9.979,2.0079523809523807,0.3326333333333333,0.2790089968494043,0.010360752566478731,0.19951377481810337,0.1998937542384691,0.5589128914764326
graph_07_mu_0_2_node_862,34,0.29233511586452765,0.0026854035819805335,0.4051094890510949,2.4684684684684686,0.04952795887873182,21.034,12.966,1.6229137529137534,0.3813529411764706,0.3029978507954468,0.013566943896448684,0.2356153110047847,0.23610901111239696,0.4905139939458436
graph_07_mu_0_2_node_863,16,0.2833333333333333,0.000652745768795184,0.3624818577648766,2.7587587587587588,0.008637001543871772,10.022,5.978,1.6784000000000003,0.373625,0.3857100052526063,0.0060780234772709755,0.2297663817663818,0.2299938729209394,0.643938800325278
graph_07_mu_0_2_node_864,20,0.23157894736842105,0.0012672929473128724,0.3675496688741722,2.720720720720721,0.009289062811990838,12.02,7.98,1.5075,0.39900000000000013,0.3703384566211569,0.00816313126962969,0.24924910873440284,0.2495528085099146,0.5565225699492904
graph_07_mu_0_2_node_865,29,0.27635327635327633,0.0024829402392091307,0.37641296156744536,2.6566566566566565,0.010976164577228628,18.024,10.976,1.6426909090909094,0.3784827586206897,0.497363119715709,0.011246730871303005,0.23342553191489374,0.2338433956760369,0.7702751637461616
graph_07_mu_0_2_node_866,27,0.3903133903133903,0.001560654156272503,0.3794151158374478,2.635635635635636,0.01528516230115344,21.004,5.996,3.5036,0.22207407407407415,0.18873879864165297,0.0061958615881137925,0.12490816326530611,0.1251365302018331,0.6609221374749851
graph_07_mu_0_2_node_867,27,0.2792022792022792,0.0019598264649287613,0.37970353477765106,2.6336336336336337,0.01672908797478682,18.025,8.975,2.01125,0.3324074074074073,0.4105549944647076,0.009188186267562057,0.19936413043478263,0.19970584067358121,0.8225826204996207
graph_07_mu_0_2_node_868,27,0.49333333333333335,0.0008576429557140999,0.3660681568340051,2.7317317317317316,0.013035541236806107,23.016,3.984,5.786,0.14755555555555555,0.12554458505602206,0.004116549708392446,0.07966117647058824,0.07981294810816314,0.6926670798061071
graph_07_mu_0_2_node_869,26,0.18115942028985507,0.0020088726503991123,0.3784090909090909,2.6426426426426426,0.012221619478072805,16.025,9.975,1.6072944444444448,0.3836538461538463,0.4011741947303361,0.010240064502096516,0.23737672405114268,0.23775643571727995,0.6030007965054022
graph_07_mu_0_2_node_870,32,0.22988505747126436,0.002702964050667182,0.3948616600790514,2.5325325325325325,0.02518293826033227,19.017,12.983,1.4651002331002327,0.40571875,0.48781098524393496,0.013345833667085482,0.25449352571217165,0.254987796959194,0.6761903597375085
graph_07_mu_0_2_node_871,17,0.3382352941176471,0.0006972467952865522,0.3660681568340051,2.7317317317317316,0.010820645758237098,12.005,4.995,2.4042499999999993,0.29382352941176465,0.23165943579182455,0.00510976146327489,0.17221839080459775,0.17240851002524152,0.5562427636237751
graph_07_mu_0_2_node_872,53,0.3780392156862745,0.003952741736783484,0.4121287128712871,2.4264264264264264,0.13102292982169889,39.297,13.703,2.876341991341991,0.25854716981132075,0.3024806063520198,0.014383241835212215,0.14851590480632965,0.1490383778481887,0.8390292769289559
graph_07_mu_0_2_node_873,29,0.4045584045584046,0.0014331063444910776,0.3774083868530412,2.6496496496496498,0.022317679672013573,22.006,6.994,3.147000000000001,0.24117241379310336,0.18958237680437898,0.007266455227655977,0.1371236802413273,0.13739006775280985,0.5691899812903298
graph_07_mu_0_2_node_874,35,0.42521008403361343,0.0020585375099753103,0.3997599039615846,2.5015015015015014,0.0932344609277818,25.035,9.965,2.5144861111111108,0.28471428571428564,0.21906537920472227,0.010462260603797681,0.16600282037722544,0.16638241179677557,0.5491030299790165
graph_07_mu_0_2_node_875,47,0.3333333333333333,0.0033190993837641193,0.4100985221674877,2.4384384384384385,0.04556813848404423,35.05,11.95,2.934683333333333,0.2542553191489361,0.30489907897695084,0.012452935674188214,0.145651882792494,0.1461074009070494,0.8670453435916519
graph_07_mu_0_2_node_876,17,0.3014705882352941,0.0008581184170971446,0.36195652173913045,2.7627627627627627,0.007515234655230567,11.024,5.976,1.8469333333333329,0.3515294117647058,0.403479015158703,0.006079104622940118,0.2132807881773399,0.21350822057581303,0.7406461117693134
graph_07_mu_0_2_node_877,25,0.42,0.0010670569868071863,0.37755102040816324,2.6486486486486487,0.02387281184840778,19.027,5.973,3.189166666666666,0.2389200000000001,0.15241111586120953,0.006224377563332218,0.13568181818181813,0.13590927497635197,0.484429973479434
graph_07_mu_0_2_node_878,39,0.3063063063063063,0.003225670205172551,0.39548693586698336,2.5285285285285286,0.02965610715314787,27.025,11.975,2.257563636363636,0.30705128205128196,0.32474462165286305,0.012441079654799103,0.18137876127384467,0.1818349529213553,0.7050178643328129
graph_07_mu_0_2_node_879,23,0.2523809523809524,0.001292803811908401,0.3706864564007421,2.6976976976976976,0.011078318491444751,14.015,8.985,1.5616158730158733,0.3906521739130435,0.4108340432330576,0.009198514438266173,0.2427703281389418,0.24311231463432065,0.5940500550417264
graph_07_mu_0_2_node_880,25,0.38666666666666666,0.001331359994735597,0.3821729150726855,2.6166166166166165,0.020107371561877557,17.016,7.984,2.1322916666666667,0.31936000000000003,0.322110093787161,0.008195341876626135,0.19003448102285317,0.1903384486070061,0.6850502199843472
graph_07_mu_0_2_node_881,16,0.14166666666666666,0.0011129942823135466,0.3644655235315578,2.7437437437437437,0.009327244100376038,8.874,7.126,1.2612877344877347,0.445375,0.49104432875572745,0.007261989902253123,0.28778544174022447,0.2880565819876298,0.5894765524533832
graph_07_mu_0_2_node_882,43,0.2621951219512195,0.0038623254707342205,0.40396279822078446,2.4754754754754753,0.038104600194467965,28.045,14.955,1.8762747252747254,0.34779069767441867,0.443432204158001,0.015486140449414171,0.21051605691162903,0.21108575213338587,0.8002844399633771
graph_07_mu_0_2_node_883,25,0.26666666666666666,0.0017979910339893726,0.38129770992366413,2.6226226226226226,0.01584857315857133,16.017,8.983,1.7838789682539686,0.35932000000000003,0.32666505261601675,0.009244469591012319,0.21902128406666133,0.21936324664905463,0.5811484109567802
graph_07_mu_0_2_node_884,22,0.2894736842105263,0.0015811080348932364,0.3702742772424018,2.700700700700701,0.01060747931678518,13.033,8.967,1.4550952380952376,0.4075909090909091,0.5842799108922287,0.009143595567750478,0.2560016527806001,0.25634292885203297,0.7802407870082655
graph_07_mu_0_2_node_885,20,0.3368421052631579,0.0010781326197703807,0.3723443906075289,2.685685685685686,0.011986816218423882,13.018,6.982,1.8657142857142859,0.3490999999999999,0.21990930835065559,0.007214509648148067,0.21147950089126552,0.21174524946712148,0.40917498295267396
graph_07_mu_0_2_node_886,31,0.37192118226600984,0.001574754655331873,0.38028169014084506,2.6296296296296298,0.02227473634151705,23.01,7.99,2.880720238095238,0.25774193548387087,0.25971228128117585,0.008248391087789768,0.14794013949013948,0.14824447436373164,0.7148611583277389
graph_07_mu_0_2_node_887,28,0.47619047619047616,0.0009606817988109095,0.3854166666666667,2.5945945945945947,0.07738249574028144,21.05,6.95,3.033333333333333,0.24821428571428572,0.1529295461448343,0.007296402294112622,0.14171428571428568,0.14197897834027082,0.4617296217756909
graph_07_mu_0_2_node_888,42,0.41579558652729387,0.0025989530589134073,0.4016887816646562,2.4894894894894897,0.10990903252044247,32.018,9.982,3.209333333333334,0.2376666666666667,0.21926444681605686,0.010480777682771461,0.13486588904694163,0.13524633026566754,0.7026566604451997
graph_07_mu_0_2_node_889,19,0.34558823529411764,0.0008731814042386006,0.3596112311015119,2.780780780780781,0.008128025790368068,14.001,4.999,2.8009499999999994,0.2631052631578947,0.2879050286363264,0.005091474607826251,0.15148128342245992,0.15167158379388113,0.748595931597306
graph_07_mu_0_2_node_890,17,0.2647058823529412,0.0009091633233281462,0.3626134301270417,2.7577577577577577,0.009150498228588084,10.001,6.999,1.4289761904761902,0.4117058823529412,0.31472430803965845,0.007161001078539387,0.2592142857142857,0.25948062007575434,0.44962520196141664
graph_07_mu_0_2_node_891,14,0.12087912087912088,0.0009200407416896316,0.3626134301270417,2.7577577577577577,0.005919953309313033,6.023,7.977,0.7560833333333332,0.5697857142857141,0.5142917462661626,0.008110976054296592,0.3984909090909092,0.398794356194647,0.38651108265672224
graph_07_mu_0_2_node_892,20,0.23157894736842105,0.0012797087413366054,0.3757051523128996,2.6616616616616615,0.013488407844781216,11.022,8.978,1.2286507936507933,0.44890000000000013,0.3265287833859088,0.009239473942533098,0.2894452590420333,0.2897869013869372,0.39977644917088323
graph_07_mu_0_2_node_893,28,0.31746031746031744,0.0021357499135699104,0.3776937618147448,2.6476476476476476,0.012731819179868233,19.013,8.987,2.1162777777777775,0.32096428571428576,0.32668656676359925,0.009248927637471012,0.19116767983789254,0.19150987271962305,0.6902708767697406
graph_07_mu_0_2_node_894,26,0.19202898550724637,0.0023910909613623246,0.3852680293096799,2.5955955955955954,0.013493370901806974,15.021,10.979,1.3687575757575758,0.42226923076923084,0.5094797354927056,0.01123084511404256,0.2676627501823192,0.2680806325443349,0.6492236886953204
graph_07_mu_0_2_node_895,19,0.17543859649122806,0.0012447049035556406,0.3804265041888804,2.6286286286286287,0.016312141068554196,10.074,8.926,1.1307142857142858,0.4697894736842106,0.46335245960451926,0.009125549884392526,0.30711546162402675,0.3074551011870916,0.5173552144902013
graph_07_mu_0_2_node_896,38,0.23333333333333334,0.003726241083183816,0.39737470167064437,2.5165165165165164,0.02137573978819588,23.036,14.964,1.540146886446887,0.3937894736842105,0.5625389668043128,0.01538171443183533,0.2451845022999505,0.24575432276758663,0.8267529610767649
graph_07_mu_0_2_node_897,21,0.2761904761904762,0.0012156564227302938,0.3755639097744361,2.6626626626626626,0.014188186377322005,13.02,7.98,1.6325,0.38000000000000006,0.3650590889137602,0.008169435392619825,0.23458823529411768,0.23489195821362777,0.5941089857552322
graph_07_mu_0_2_node_898,26,0.35144927536231885,0.001397125746015625,0.37755102040816324,2.6486486486486487,0.014489948302864097,19.003,6.997,2.7161428571428576,0.26911538461538465,0.26279211583600903,0.0071926968335468775,0.15548019323671491,0.1557466340446246,0.6759186462458002
graph_07_mu_0_2_node_899,47,0.3333333333333333,0.003825428182649266,0.4107730263157895,2.4344344344344346,0.11030939358809828,32.1,14.9,2.156273809523809,0.31702127659574464,0.32777647947280103,0.015642909185839663,0.188391938431691,0.18895971484474575,0.6820207249680618
graph_07_mu_0_2_node_900,17,0.33088235294117646,0.0008202027053356767,0.3545067423704755,2.820820820820821,0.006139940212330685,12.01,4.99,2.409633333333333,0.29352941176470587,0.2877254723020081,0.005081980806071593,0.17202803114571755,0.17221796012647,0.6910707860592339
graph_07_mu_0_2_node_901,21,0.5263157894736842,0.0004267604996254855,0.3535031847133758,2.828828828828829,0.006853201234852971,18.014,2.986,6.049,0.14219047619047614,0.1444117281751372,0.003052200760223866,0.07654615384615383,0.07665986736149216,0.820214501714733
graph_07_mu_0_2_node_902,19,0.40350877192982454,0.0006450179299579773,0.3592233009708738,2.7837837837837838,0.008227659745332532,15.006,3.994,3.7595,0.21021052631578943,0.17719661747115503,0.004090130378680559,0.11745546218487396,0.11760752196010137,0.6648935655168313
graph_07_mu_0_2_node_903,29,0.41133004926108374,0.0016874320437460645,0.3779795686719637,2.645645645645646,0.016436383313969363,21.019,7.981,2.635875,0.2752068965517242,0.32201156970268063,0.008192286058439262,0.1595730920060332,0.15987703799685032,0.8463051894600624
graph_07_mu_0_2_node_904,42,0.3077816492450639,0.002983613573159617,0.4059325477448192,2.4634634634634636,0.057544893616854796,32.018,9.982,3.2084000000000006,0.2376666666666667,0.19269398761720496,0.0105424654328484,0.1348627027027027,0.13524314399109633,0.6175425907828328
graph_07_mu_0_2_node_905,39,0.2732732732732733,0.0030099796506899766,0.40396279822078446,2.4754754754754753,0.053140296322341206,25.024,13.976,1.791324675324675,0.35835897435897424,0.3264646750990629,0.014624394161801146,0.2183067164179104,0.21883901505113612,0.5606146505751154
graph_07_mu_0_2_node_906,17,0.3161764705882353,0.0007712264869149286,0.36221899927483686,2.760760760760761,0.012926834595023655,11.052,5.948,1.8775333333333328,0.34988235294117637,0.4068827866389164,0.0060499080968186795,0.21235939118352912,0.21258575789315223,0.7434900500532675
graph_07_mu_0_2_node_907,19,0.4269005847953216,0.0007140199423374071,0.3583213773314204,2.790790790790791,0.008231911659386127,14.03,4.97,2.8291333333333326,0.261578947368421,0.22568724628484177,0.0050918153142476665,0.15050104405398526,0.15069024095822894,0.6343243099749232
graph_07_mu_0_2_node_908,49,0.3239795918367347,0.005186290689469365,0.4141791044776119,2.4144144144144146,0.04456437194463926,33.061,15.939,2.0757471736596735,0.32528571428571434,0.4458927599190665,0.016548400874024545,0.19425169419577087,0.1948590830813397,0.9223105940949391
graph_07_mu_0_2_node_909,51,0.3673469387755102,0.0034606921928524987,0.41590341382181517,2.4044044044044046,0.12570328598016767,37.242,13.758,2.7131222527472527,0.2697647058823529,0.30345227379327705,0.014441286511874598,0.15595206246060897,0.1564765497108885,0.794153383207661
graph_07_mu_0_2_node_910,32,0.3125,0.002372967597308226,0.38735944164404806,2.5815815815815815,0.018918012346557024,22.02,9.98,2.207111111111111,0.311875,0.3142861530918259,0.01031239637503435,0.18475420875420873,0.18513428418141234,0.692437458008749
graph_07_mu_0_2_node_911,34,0.30443548387096775,0.0028807059793242904,0.39611419508326723,2.5245245245245247,0.022534170827207146,21.021,12.979,1.619961538461539,0.38173529411764706,0.46668935592816424,0.013366063372677562,0.2359,0.23639419444804594,0.7189195827727685
graph_07_mu_0_2_node_912,23,0.26877470355731226,0.0014616099853868064,0.3792710706150342,2.6366366366366365,0.016062946893479944,15.007,7.993,1.877875,0.34752173913043466,0.24584257005868554,0.00826549195109526,0.21030904183535756,0.21061330546673848,0.46130757719687665
graph_07_mu_0_2_node_913,44,0.2462253193960511,0.003875712049200303,0.4026602176541717,2.4834834834834836,0.04159893456528148,30.058,13.942,2.1570402930402928,0.31686363636363635,0.30061573559693694,0.014635319541887053,0.18827121858700804,0.1888024265913187,0.6254413487472692
graph_07_mu_0_2_node_914,45,0.37763012181616834,0.0028556752787123533,0.40379951495553756,2.4764764764764764,0.043283555745233813,33.026,11.974,2.759386363636364,0.26608888888888893,0.3347809339914715,0.012432208104737939,0.15346893595153085,0.15392529814015665,0.8941711688864229
graph_07_mu_0_2_node_915,30,0.4436781609195402,0.0017085945160481815,0.3903868698710434,2.5615615615615615,0.028843719148637273,22.014,7.986,2.7574999999999994,0.26619999999999994,0.22318824699010326,0.008292190772978398,0.1535413642960812,0.15384552377196187,0.6146011522926859
graph_07_mu_0_2_node_916,23,0.23333333333333334,0.0014220525880325138,0.3729003359462486,2.6816816816816815,0.0097684906436343,15.005,7.995,1.8770535714285717,0.3476086956521738,0.321251246787546,0.008207880856529102,0.21037112010796216,0.21067545981094704,0.5624227454999035
graph_07_mu_0_2_node_917,21,0.2222222222222222,0.0013295398760489535,0.36633663366336633,2.72972972972973,0.009372852994390241,13.004,7.996,1.6265,0.3807619047619048,0.4605760220085985,0.008143916244444696,0.23515294117647062,0.2354572725762362,0.6910917115843261
graph_07_mu_0_2_node_918,26,0.286231884057971,0.001224793984636283,0.37276119402985075,2.6826826826826826,0.012906651969939639,18.042,7.958,2.2720690476190475,0.30607692307692297,0.3647429888052229,0.008145723911352945,0.18073334828394957,0.18103634972823612,0.7771707592343048
graph_07_mu_0_2_node_919,19,0.30994152046783624,0.0009675084866511225,0.3624818577648766,2.7587587587587588,0.01109983162496181,13.027,5.973,2.183766666666667,0.3143684210526317,0.37593701109931743,0.00608357973917331,0.1865284090909091,0.18675576199199811,0.8156855055141948
graph_07_mu_0_2_node_920,17,0.16911764705882354,0.0010452878891539607,0.3710995542347697,2.694694694694695,0.012471936286630212,9.046,7.954,1.1389642857142859,0.4678823529411765,0.5377770382992882,0.008090410903606893,0.30546438746438737,0.3057670294535584,0.6062722070063319
graph_07_mu_0_2_node_921,42,0.33076923076923076,0.0029475172392467667,0.4008828250401284,2.4944944944944947,0.037981910616748944,31.071,10.929,2.846118181818183,0.26021428571428573,0.2790212362738827,0.01138856535093514,0.14958459517917339,0.15000108384667254,0.7655379229720454
graph_07_mu_0_2_node_922,25,0.38666666666666666,0.0015652892995390855,0.3778366111951589,2.6466466466466465,0.02236466352721284,17.036,7.964,2.141220238095238,0.31855999999999995,0.22277630511079918,0.00826886568306136,0.1894807711668177,0.18978397791917598,0.4749896356621674
graph_07_mu_0_2_node_923,44,0.3252032520325203,0.0030617395374357838,0.4122988031366075,2.4254254254254253,0.06787989920130236,31.032,12.968,2.393846153846154,0.2947272727272727,0.3030339028329667,0.013569098402495096,0.17284090225563908,0.17333505471492175,0.700766386745709
graph_07_mu_0_2_node_924,28,0.2553846153846154,0.0018014105467261796,0.38173481085212074,2.6196196196196198,0.016870470726143064,19.018,8.982,2.118444444444444,0.32078571428571434,0.2764054754931952,0.009287807459199274,0.1910455927051671,0.19138759536160288,0.5537273060676821
graph_07_mu_0_2_node_925,23,0.25691699604743085,0.0017197180484024074,0.37726586102719034,2.650650650650651,0.011600002368030882,13.026,9.974,1.3068361111111113,0.4336521739130436,0.5064310536290236,0.01018803214084547,0.27688533270112214,0.2772649196258807,0.6591012454505799
graph_07_mu_0_2_node_926,35,0.5018939393939394,0.0014966674152478775,0.3842307692307692,2.6026026026026026,0.02509481654621971,28.019,6.981,4.015833333333333,0.1994571428571429,0.2511848214913273,0.007188801585437317,0.11078125000000003,0.11104726429080279,0.9703516608066032
graph_07_mu_0_2_node_927,16,0.325,0.0007717873172151707,0.3593525179856115,2.7827827827827827,0.0070216129594241105,10.982,5.018,2.2,0.313625,0.3421522698498477,0.005105150115649267,0.18629341029341026,0.18648438921815141,0.74275532819664
graph_07_mu_0_2_node_928,23,0.22857142857142856,0.0015952408879938303,0.37082405345211583,2.6966966966966965,0.012898237467465552,14.017,8.983,1.5624464285714288,0.3905652173913044,0.4845428492177352,0.00916268954253723,0.24273102409089256,0.2430729344279206,0.6994316033872772
graph_07_mu_0_2_node_929,31,0.39408866995073893,0.0017292023793359233,0.38129770992366413,2.6226226226226226,0.022832904423756052,23.007,7.993,2.878875,0.2578387096774193,0.2597402690077001,0.00825171333994732,0.14800202020202022,0.14830646926120303,0.7148331706012147
graph_07_mu_0_2_node_930,20,0.49019607843137253,0.000609997025779109,0.36038961038961037,2.774774774774775,0.00892222776293528,16.009,3.991,4.015,0.19955000000000003,0.1809649955362828,0.004089091424085704,0.11084084084084088,0.11099279800975731,0.679218125384272
graph_07_mu_0_2_node_931,27,0.3466666666666667,0.0016013848115067006,0.3821729150726855,2.6166166166166165,0.017852546332863227,18.038,8.962,2.0160178571428573,0.33192592592592585,0.455536400617051,0.009153716921514305,0.19902638760407035,0.1993676033312493,0.8623012756461499
graph_07_mu_0_2_node_932,31,0.26666666666666666,0.0022331254491719335,0.3919183993723029,2.5515515515515514,0.025593006580237367,19.015,11.985,1.587090909090909,0.3866129032258063,0.35513549744425615,0.012411201078035707,0.23963996983408759,0.24009626381515897,0.5627640662437591
graph_07_mu_0_2_node_933,27,0.43304843304843305,0.001549440434174259,0.37955927051671734,2.6346346346346348,0.01813821518388119,19.016,7.984,2.3827142857142856,0.2957037037037037,0.28710351662796496,0.008222161165694216,0.1735134135060129,0.17381742739663875,0.6829229191116699
graph_07_mu_0_2_node_934,42,0.37948717948717947,0.002473090388121086,0.40024038461538464,2.4984984984984986,0.03956033973719842,33.045,8.955,3.693249999999999,0.21321428571428572,0.22855291720530335,0.009331728247436057,0.11933760765550244,0.11967894711477434,0.816006242040625
graph_07_mu_0_2_node_935,25,0.2490118577075099,0.0013103225705532213,0.37429748969651555,2.6716716716716715,0.016253653611686854,16.017,8.983,1.7836805555555562,0.35932000000000003,0.27641171001479675,0.00928896869001964,0.21901858304297336,0.21936054564274451,0.46148409581709415
graph_07_mu_0_2_node_936,27,0.47293447293447294,0.0012047923750806763,0.3766968325791855,2.6546546546546548,0.018816636761829836,21.003,5.997,3.5027,0.22211111111111118,0.19487169695490444,0.0061910664155744415,0.12493112244897958,0.12515952745027795,0.6822116118078729
graph_07_mu_0_2_node_937,29,0.2832512315270936,0.0018854377917944109,0.38290532771176694,2.6116116116116115,0.0165050688886545,20.011,8.989,2.2266527777777774,0.30996551724137944,0.2765272249771492,0.009295300195344018,0.1834130612244898,0.18375535626481876,0.6149131715265758
graph_07_mu_0_2_node_938,21,0.2573099415204678,0.001164610638397157,0.36314067611777534,2.7537537537537538,0.008399098071634439,13.022,7.978,1.63375,0.37990476190476197,0.5382034233945833,0.00811588114400281,0.23452549019607846,0.23482913702081015,0.8083815248334363
graph_07_mu_0_2_node_939,18,0.3464052287581699,0.0009741625316690969,0.36,2.7777777777777777,0.006362938781431381,13.002,4.998,2.6052363636363642,0.2776666666666666,0.26937187463954076,0.005098237762997625,0.16127870967741934,0.16146895733159963,0.6986962674484164
graph_07_mu_0_2_node_940,21,0.2982456140350877,0.0011818704655142394,0.364067055393586,2.7467467467467466,0.007342096729661698,15.016,5.984,2.5147,0.28495238095238085,0.31584209620201087,0.0061126710953862354,0.16621128496917967,0.1664390908037289,0.7361587094721911
graph_07_mu_0_2_node_941,20,0.29473684210526313,0.0009814428800591338,0.37528174305033807,2.664664664664665,0.020704961280223363,13.034,6.966,1.8735238095238098,0.34829999999999994,0.1502517688890183,0.00731216735699893,0.2109111280875986,0.21117626808182355,0.2802788523054912
graph_07_mu_0_2_node_942,16,0.31666666666666665,0.0007361114778602303,0.3635371179039301,2.750750750750751,0.011624812989854676,10.034,5.966,1.690666666666667,0.372875,0.36365772310980843,0.006072420655137922,0.22931942131942135,0.22954645583577174,0.6059649679489251
graph_07_mu_0_2_node_943,24,0.38961038961038963,0.0012683107035898443,0.36195652173913045,2.7627627627627627,0.007279314356899108,18.019,5.981,3.0168000000000004,0.24920833333333334,0.2888940564830357,0.006114124135564264,0.14235699184536393,0.14258473573158226,0.8204261078903149
graph_07_mu_0_2_node_944,24,0.37318840579710144,0.0011523677395648085,0.3757051523128996,2.6616616616616615,0.014718750432909133,17.006,6.994,2.4324571428571424,0.2914166666666667,0.2627472119095262,0.007189480110746377,0.17056705291305405,0.17083333898408898,0.6384151196890108
graph_07_mu_0_2_node_945,28,0.27076923076923076,0.0019426061227792763,0.3791271347248577,2.6376376376376376,0.012523606469168638,19.011,8.989,2.1158888888888887,0.3210357142857143,0.4044663342434699,0.009196610781774518,0.19122030395136774,0.19156257289018008,0.8095217110523556
graph_07_mu_0_2_node_946,29,0.32193732193732194,0.0016851402212830857,0.3801369863013699,2.630630630630631,0.016567694022024914,19.006,9.994,1.901933333333333,0.34462068965517256,0.4028121688133077,0.010259357713470273,0.2081853741496599,0.2085658952496006,0.7253709824619208
graph_07_mu_0_2_node_947,25,0.3201581027667984,0.0013376570104601916,0.37192851824274015,2.6886886886886887,0.013421410285812016,18.022,6.978,2.5854761904761907,0.27912000000000015,0.309920111833344,0.007145330666875321,0.16221400046981443,0.16247969799738382,0.7539095929935864
graph_07_mu_0_2_node_948,38,0.346031746031746,0.0029613174417918715,0.40120481927710844,2.4924924924924925,0.035778531046150405,27.047,10.953,2.470935353535353,0.28823684210526324,0.2794621683946353,0.01141400756856184,0.168399192846954,0.168816467915175,0.6631887801931539
graph_07_mu_0_2_node_949,18,0.5359477124183006,0.000519571451827803,0.36195652173913045,2.7627627627627627,0.01798096211535891,15.007,2.993,5.021,0.16627777777777775,0.07631282352956112,0.0031191358237381635,0.0906844919786096,0.09079844597058635,0.38217071534115676
graph_07_mu_0_2_node_950,24,0.2717391304347826,0.001353019138424043,0.388715953307393,2.5725725725725725,0.030255448351374514,14.033,9.967,1.4087999999999998,0.4152916666666667,0.21482981412865101,0.010462959141158966,0.2620890688259109,0.2624684185220259,0.3020225895363323
graph_07_mu_0_2_node_951,24,0.39492753623188404,0.001229729871745972,0.37082405345211583,2.6966966966966965,0.012000631740824002,17.031,6.969,2.4485714285714284,0.290375,0.3163621323300869,0.0071399058516520425,0.16988056073251764,0.1701458955493486,0.7701849677800878
graph_07_mu_0_2_node_952,35,0.3092436974789916,0.0030363002546041433,0.39832535885167464,2.5105105105105103,0.030518812667047746,22.067,12.933,1.7081678321678324,0.36951428571428585,0.36187647059886446,0.013427608215078012,0.2266658617613583,0.22715834442741648,0.6156627021449154
graph_07_mu_0_2_node_953,28,0.2123076923076923,0.0023596730290811655,0.38290532771176694,2.6116116116116115,0.01253872992805874,17.017,10.983,1.5497818181818184,0.39225000000000004,0.48726954109543574,0.011247358374942902,0.24398454106280193,0.2444026391790887,0.7095388768348607
graph_07_mu_0_2_node_954,23,0.30434782608695654,0.001364182290112318,0.3776937618147448,2.6476476476476476,0.01654573168935246,15.009,7.991,1.878970238095238,0.34743478260869554,0.30023508379934516,0.008214306814279003,0.2102500674763832,0.2105542550187817,0.5633261857369719
graph_07_mu_0_2_node_955,17,0.37142857142857144,0.000571335419054129,0.35077247191011235,2.850850850850851,0.005362783183075186,13.002,3.998,3.2577916666666664,0.2351764705882353,0.21543568478736422,0.004078163111783772,0.1332906224152192,0.13344281115426562,0.6452366443799176
graph_07_mu_0_2_node_956,20,0.26143790849673204,0.0012072041080165355,0.36958934517203107,2.705705705705706,0.01063956555031217,12.076,7.924,1.5293571428571429,0.39620000000000005,0.4638806379212896,0.008129011415156328,0.24716112808759866,0.2474626982139051,0.6413702167716401
graph_07_mu_0_2_node_957,16,0.12087912087912088,0.0009388927996812154,0.36235038084874865,2.75975975975976,0.00627232610600649,8.889,7.111,1.2664929292929297,0.4444375,0.4799474127296909,0.007246409412574819,0.2869400726165945,0.2872106426478137,0.5185700349574313
graph_07_mu_0_2_node_958,24,0.45454545454545453,0.0007707836496071221,0.36849870896348214,2.7137137137137137,0.01209000256448342,20.001,3.999,5.002,0.16662499999999997,0.15018038859975613,0.004110862901248456,0.09088484848484847,0.0910371565417809,0.7134335125155082
graph_07_mu_0_2_node_959,19,0.22807017543859648,0.0011197240046472373,0.3652650822669104,2.7377377377377377,0.008970599564534781,12.032,6.968,1.731128205128205,0.36673684210526303,0.36821189179615,0.007117123654172258,0.2246566080156402,0.2249218036767008,0.6306480603346849
graph_07_mu_0_2_node_960,19,0.19117647058823528,0.0013547654280912323,0.3698630136986301,2.7037037037037037,0.009304791466018803,10.083,8.917,1.1348542568542566,0.4693157894736843,0.5921358463170624,0.009083110784895083,0.3068029466105106,0.3071422437992735,0.5950324831010974
graph_07_mu_0_2_node_961,25,0.14624505928853754,0.0022660378600867265,0.3801369863013699,2.630630630630631,0.012272316735700757,12.018,12.982,0.9261655011655013,0.5192799999999997,0.7482451642870147,0.013221585387826577,0.35072400335558246,0.35121797326019477,0.633756116024495
graph_07_mu_0_2_node_962,23,0.34285714285714286,0.0014319103345854874,0.3687707641196013,2.7117117117117115,0.010349629226970119,15.044,7.956,1.894440476190476,0.34591304347826074,0.5190895538302136,0.008112170572563217,0.20917611336032382,0.20947896958013926,0.91040832016078
graph_07_mu_0_2_node_963,20,0.34210526315789475,0.000822827563819534,0.37387724550898205,2.674674674674675,0.021137332731121856,13.064,6.936,1.8915238095238096,0.34679999999999994,0.1498083040793566,0.007279935864305073,0.20987793905440957,0.21014193781797202,0.2807931366286456
graph_07_mu_0_2_node_964,27,0.2222222222222222,0.00203620762768663,0.3758465011286682,2.660660660660661,0.014128435948431724,17.014,9.986,1.7047142857142854,0.3698518518518518,0.30721218397240646,0.01032627214360376,0.22689787234042544,0.22727803120376602,0.5229205975884709
graph_07_mu_0_2_node_965,18,0.1503267973856209,0.0015452519983671247,0.3786959818043973,2.640640640640641,0.013699376201472433,8.027,9.973,0.8054500000000001,0.5540555555555554,0.6268776073190616,0.010158555064558794,0.3832344322344323,0.383613836765684,0.5020418787640427
graph_07_mu_0_2_node_966,22,0.16017316017316016,0.0019251105323996069,0.38115223197252956,2.6236236236236237,0.013034137382481489,11.022,10.978,1.0044,0.499,0.5094593070456462,0.011229797375490118,0.332470588235294,0.33288830541181197,0.5100788986948713
graph_07_mu_0_2_node_967,22,0.19480519480519481,0.0016618786671675674,0.3755639097744361,2.6626626626626626,0.01113234975517627,12.016,9.984,1.2039722222222222,0.4538181818181816,0.38964623787979386,0.010255331517930474,0.2935281045751634,0.29390804278253607,0.46801583799745006
graph_07_mu_0_2_node_968,24,0.2644927536231884,0.001834188949529719,0.38129770992366413,2.6226226226226226,0.012804961296668792,16.024,7.976,2.011142857142857,0.33233333333333326,0.3209735183479166,0.008187430494246977,0.19930592334494776,0.1996095634324812,0.6430127341079571
graph_07_mu_0_2_node_969,38,0.2523809523809524,0.0028849626794210134,0.40217391304347827,2.4864864864864864,0.0419175033397634,25.102,12.898,1.9480559440559442,0.3394210526315789,0.2783317434261461,0.013538731503653135,0.20442832722832724,0.2049195913376496,0.5185080733351475
graph_07_mu_0_2_node_970,25,0.41333333333333333,0.0012180506977054278,0.37898330804248864,2.6386386386386387,0.01854226499317366,18.025,6.975,2.5865476190476193,0.27900000000000014,0.28154466190406296,0.007159553049610047,0.16213119567770728,0.16239677908051645,0.7255301848093376
graph_07_mu_0_2_node_971,22,0.22077922077922077,0.001518194446187013,0.3867595818815331,2.5855855855855854,0.02243875195877137,11.032,10.968,1.0064,0.4985454545454545,0.27970422266565903,0.011430031153631408,0.33207843137254894,0.33249576848043916,0.2807602541359256
graph_07_mu_0_2_node_972,19,0.27205882352941174,0.0008845908892085862,0.36195652173913045,2.7627627627627627,0.006385761324311258,13.023,5.977,2.1821833333333336,0.3145789473684212,0.2404969073424964,0.006135759983731134,0.18667869875222817,0.18690620379365802,0.4825090863472351
graph_07_mu_0_2_node_973,22,0.4458874458874459,0.0008705677385617209,0.37054896142433236,2.6986986986986987,0.01872055920093802,17.003,4.997,3.4032999999999993,0.22713636363636358,0.13545036711022784,0.005191623456568672,0.1281205128205128,0.1283107805496719,0.4606832174146446
graph_07_mu_0_2_node_974,18,0.39869281045751637,0.0006900513550436642,0.3579362235757793,2.793793793793794,0.007099147233305581,13.015,4.985,2.6135000000000006,0.27694444444444444,0.28421787996248077,0.005079188346149755,0.16074596774193547,0.16093572096230946,0.7401152338442453
graph_07_mu_0_2_node_975,19,0.4853801169590643,0.0004449148656360096,0.36958934517203107,2.705705705705706,0.030496175869938164,16.026,2.974,5.415666666666666,0.1565263157894737,0.0575664685372375,0.0031400641400815424,0.08493015873015872,0.08504339811410548,0.30893724887684276
graph_07_mu_0_2_node_976,15,0.3904761904761905,0.0005762578711766464,0.3450777202072539,2.8978978978978978,0.004312396735816434,11.009,3.991,2.76625,0.2660666666666667,0.23008507243785264,0.004064713684168994,0.1534737484737484,0.15362564777229082,0.6336334696923247
graph_07_mu_0_2_node_977,44,0.4175475687103594,0.0028829293432970815,0.4065934065934066,2.4594594594594597,0.11396812737827926,33.066,10.934,3.0272888888888887,0.2485,0.24051908954064327,0.011479228010082653,0.14189381926090783,0.14231056176919082,0.7252642603395467
graph_07_mu_0_2_node_978,37,0.24705882352941178,0.0027138705775205042,0.4049452776651804,2.4694694694694697,0.05127991184433091,25.039,11.961,2.0943772727272725,0.3232702702702704,0.23100690499989193,0.012631949439315768,0.19281070788530463,0.19326629745527873,0.4635223640544755
graph_07_mu_0_2_node_979,22,0.1774891774891775,0.001784929899395078,0.3766968325791855,2.6546546546546548,0.013194390147190538,11.041,10.959,1.0092539682539683,0.4981363636363637,0.509125959890077,0.011209556482027956,0.33177406313876895,0.3321910579939439,0.5102991249494074
graph_07_mu_0_2_node_980,26,0.34782608695652173,0.001352153938188857,0.3781226343679031,2.6446446446446448,0.015031109911824648,18.021,7.979,2.2608333333333337,0.3068846153846153,0.40522272618242017,0.008149882113064512,0.18127465963987702,0.1815784600965755,0.8619288856091188
graph_07_mu_0_2_node_981,22,0.3246753246753247,0.0012968074293491939,0.37471867966991745,2.6686686686686687,0.029649592608662036,15.038,6.962,2.1655904761904763,0.3164545454545455,0.13455620835531523,0.007352054906464371,0.18801901739796478,0.188284045503393,0.2896620233946796
graph_07_mu_0_2_node_982,26,0.3384615384615385,0.001372213026985857,0.3842307692307692,2.6026026026026026,0.03676449878095657,19.032,6.968,2.7340952380952386,0.268,0.13460190031729963,0.007358844541164872,0.15475169082125598,0.15501702808701787,0.3669097756564611
graph_07_mu_0_2_node_983,22,0.2631578947368421,0.0010714594244625145,0.3667400881057269,2.7267267267267266,0.009465569867263508,15.036,6.964,2.1621333333333332,0.31654545454545463,0.3189659279934844,0.007128858120456661,0.18806579859211436,0.1883309028676511,0.6402416203597185
graph_07_mu_0_2_node_984,22,0.22943722943722944,0.001756301404182737,0.37220566318926973,2.6866866866866865,0.0098286788099939,12.029,9.971,1.207542857142857,0.45322727272727253,0.568478751557504,0.010159378881480724,0.29305959068312004,0.29343903463635457,0.6831557707984085
graph_07_mu_0_2_node_985,28,0.2676923076923077,0.0016986020431660218,0.3842307692307692,2.6026026026026026,0.033958632290787674,18.089,9.911,1.829244444444445,0.3539642857142856,0.1916869148099094,0.01046584225725175,0.21510761640456372,0.21548495162624018,0.3292100369808663
graph_07_mu_0_2_node_986,24,0.31521739130434784,0.0015726623778871303,0.3757051523128996,2.6616616616616615,0.013491386309946984,16.021,7.979,2.009,0.33245833333333324,0.25131755182989196,0.008244694798518014,0.1993853658536586,0.19968912010942239,0.5039547541966884
graph_07_mu_0_2_node_987,25,0.6033333333333334,0.0004716379562828675,0.37755102040816324,2.6486486486486487,0.07582284474804929,22.002,2.998,7.341666666666664,0.11992000000000004,0.06583082262419063,0.0031479315579305096,0.0637854609929078,0.0638996661834597,0.4829720058762784
graph_07_mu_0_2_node_988,17,0.4117647058823529,0.000631847035477491,0.37013708781030014,2.7017017017017015,0.018657319584623598,12.01,4.99,2.408499999999999,0.29352941176470587,0.10753911966831779,0.005238319341057099,0.17202298850574718,0.17221291750388018,0.25845880417167283
graph_07_mu_0_2_node_989,21,0.3391812865497076,0.0009559535432401813,0.3667400881057269,2.7267267267267266,0.010974516773281137,15.004,5.996,2.5035,0.2855238095238094,0.2659057277808832,0.006140430901394785,0.1665438596491228,0.1667721222434481,0.6206190262415587
graph_07_mu_0_2_node_990,21,0.44285714285714284,0.0006951048885087523,0.3649981731823164,2.73973973973974,0.016361633518979176,16.007,4.993,3.2136500000000003,0.23776190476190476,0.16233762143877206,0.005154332694639388,0.13493499288762445,0.13512509385195143,0.5198265551788086
graph_07_mu_0_2_node_991,16,0.31666666666666665,0.0006498417167785239,0.359740727403673,2.77977977977978,0.00693090365393151,11.011,4.989,2.209333333333333,0.3118125,0.23152692299558253,0.005103491050445262,0.18472249589490966,0.18491237238572072,0.5098295066427315
graph_07_mu_0_2_node_992,28,0.2222222222222222,0.0018940977248821942,0.3872093023255814,2.5825825825825826,0.0360384460671414,17.039,10.961,1.5558555555555558,0.39146428571428576,0.21174112968455033,0.01157557226696471,0.243398509610443,0.24381577112472297,0.328301145534153
graph_07_mu_0_2_node_993,35,0.23295454545454544,0.00225947473916292,0.39832535885167464,2.5105105105105103,0.042880879151154086,23.052,11.948,1.9314974747474754,0.3413714285714285,0.23086703486251403,0.01261765470773233,0.20584495214187848,0.20629997770550804,0.4250772747999441
graph_07_mu_0_2_node_994,29,0.3504273504273504,0.0016286977664458156,0.3867595818815331,2.5855855855855854,0.02881966097454632,20.018,8.982,2.2295873015873013,0.30972413793103454,0.22902419052393852,0.009360380128699422,0.18324827531012405,0.18359030403042448,0.4843332840830368
graph_07_mu_0_2_node_995,46,0.226215644820296,0.004381836239343358,0.4164235097957482,2.4014014014014013,0.05829357910301807,29.094,16.906,1.7224204481792718,0.3675217391304348,0.32668686629524396,0.01785368367707306,0.22516117987275877,0.22580519973901686,0.5414747200227154
graph_07_mu_0_2_node_996,30,0.4942528735632184,0.0013338583961089996,0.3854166666666667,2.5945945945945947,0.08341623268184958,23.067,6.933,3.333857142857142,0.23110000000000003,0.15260005183953687,0.007278405545640375,0.13067162187916903,0.13093570772514534,0.5058479488156346
graph_07_mu_0_2_node_997,25,0.35968379446640314,0.0017712680524718317,0.3784090909090909,2.6426426426426426,0.013920985628966577,17.047,7.953,2.145982142857143,0.31812,0.438759605804781,0.008137032849333519,0.18917497231450725,0.1894777606180703,0.8801568116721162
graph_07_mu_0_2_node_998,20,0.37254901960784315,0.0009642368468282433,0.3667400881057269,2.7267267267267266,0.010326203652982643,14.054,5.946,2.37,0.29729999999999995,0.3482399970428006,0.006099018071464094,0.17465919701213814,0.17488554000340328,0.7570108576501293
graph_07_mu_0_2_node_999,36,0.4,0.0022853180681667975,0.38992974238875877,2.5645645645645647,0.026466753024009332,27.009,8.991,3.0045,0.24975,0.29221015787467136,0.0092819077264531,0.14269642857142856,0.14303898231968368,0.8772309426289996
